# T 	 Position
6.250000000000000130e-04	0.000000000000000000e+00
9.374999999999999653e-04	1.033819157086956694e-02
1.250000000000000026e-03	1.032793004158350653e-02
1.562500000000000087e-03	1.031214345842620950e-02
1.874999999999999931e-03	1.029096814442901839e-02
2.187500000000000208e-03	1.026447898322720674e-02
2.500000000000000052e-03	1.023273231628567433e-02
2.812499999999999896e-03	1.019574993415167316e-02
3.125000000000000173e-03	1.015352787349456561e-02
3.437500000000000017e-03	1.010607639234658607e-02
3.749999999999999861e-03	1.005342237918615059e-02
4.062500000000000139e-03	9.995574382373452471e-03
4.375000000000000416e-03	9.932524164397760896e-03
4.687499999999999827e-03	9.864279030221422689e-03
5.000000000000000104e-03	9.790863226102433994e-03
5.312500000000000382e-03	9.712285455825716771e-03
5.624999999999999792e-03	9.628535616783772191e-03
5.937500000000000069e-03	9.539620236815293461e-03
6.250000000000000347e-03	9.445563717603005366e-03
6.562499999999999757e-03	9.346373364109256468e-03
6.875000000000000035e-03	9.242037985753430093e-03
7.187500000000000312e-03	9.132562866976374691e-03
7.499999999999999722e-03	9.017971010638236445e-03
7.812500000000000000e-03	8.898268167454060143e-03
8.125000000000000278e-03	8.773441592595918395e-03
8.437500000000000555e-03	8.643495016257350672e-03
8.750000000000000833e-03	8.508449576201742096e-03
9.062499999999999375e-03	8.368309002622626933e-03
9.374999999999999653e-03	8.223058685595318468e-03
9.687499999999999931e-03	8.072700023942390099e-03
1.000000000000000021e-02	7.917251824056264348e-03
1.031250000000000049e-02	7.756715640184247591e-03
1.062500000000000076e-02	7.591074220181226288e-03
1.093749999999999931e-02	7.420326320649355684e-03
1.124999999999999958e-02	7.244488105760635809e-03
1.156249999999999986e-02	7.063558021267753347e-03
1.187500000000000014e-02	6.877515861955715848e-03
1.218750000000000042e-02	6.686357431356790108e-03
1.250000000000000069e-02	6.490095474298899179e-03
1.281249999999999924e-02	6.288725172615389214e-03
1.312499999999999951e-02	6.082222901747187313e-03
1.343749999999999979e-02	5.870580735033023405e-03
1.375000000000000007e-02	5.653807842532011449e-03
1.406250000000000035e-02	5.431895675883961598e-03
1.437500000000000062e-02	5.204816414062069484e-03
1.468749999999999917e-02	4.972558089362064809e-03
1.499999999999999944e-02	4.735125830800066514e-03
1.531249999999999972e-02	4.492506738123417699e-03
1.562500000000000000e-02	4.244668482988126976e-03
1.593750000000000028e-02	3.991594590372729220e-03
1.625000000000000056e-02	3.733285681976149847e-03
1.656250000000000083e-02	3.469724039379083313e-03
1.687500000000000111e-02	3.200872205221418423e-03
1.718750000000000139e-02	2.926708730890311035e-03
1.750000000000000167e-02	2.647229264493300167e-03
1.781249999999999847e-02	2.362410958594966109e-03
1.812499999999999875e-02	2.072210760544891932e-03
1.843749999999999903e-02	1.776601937289384392e-03
1.874999999999999931e-02	1.475575629618792670e-03
1.906249999999999958e-02	1.169104171931042990e-03
1.937499999999999986e-02	8.571392271348717094e-04
1.968750000000000014e-02	5.396515753808972657e-04
2.000000000000000042e-02	2.166308032121592639e-04
2.031250000000000069e-02	-1.119541743174925483e-04
2.062500000000000097e-02	-4.461546473692069989e-04
2.093750000000000125e-02	-7.860017008891331206e-04
2.125000000000000153e-02	-1.131506214608423919e-03
2.156249999999999833e-02	-1.482699273473230255e-03
2.187499999999999861e-02	-1.839630613397388089e-03
2.218749999999999889e-02	-2.202329765079748519e-03
2.249999999999999917e-02	-2.570807608251460524e-03
2.281249999999999944e-02	-2.945092119364059284e-03
2.312499999999999972e-02	-3.325229925836769955e-03
2.343750000000000000e-02	-3.711249004121127716e-03
2.375000000000000028e-02	-4.103155571206363282e-03
2.406250000000000056e-02	-4.500972940802089664e-03
2.437500000000000083e-02	-4.904743077585609415e-03
2.468750000000000111e-02	-5.314489295266534678e-03
2.500000000000000139e-02	-5.730211593844866322e-03
2.531250000000000167e-02	-6.151925515793679397e-03
2.562499999999999847e-02	-6.579666808801045742e-03
2.593749999999999875e-02	-7.013449461092729695e-03
2.624999999999999903e-02	-7.453264147184893856e-03
2.656249999999999931e-02	-7.899120192561380829e-03
2.687499999999999958e-02	-8.351044019426417248e-03
2.718749999999999986e-02	-8.809038736274619336e-03
2.750000000000000014e-02	-9.273085692138294950e-03
2.781250000000000042e-02	-9.743181778522831335e-03
2.812500000000000069e-02	-1.021934098365399196e-02
2.843750000000000097e-02	-1.070155553629524407e-02
2.875000000000000125e-02	-1.118979279725312685e-02
2.906250000000000153e-02	-1.168403566980726060e-02
2.937499999999999833e-02	-1.218428570820495084e-02
2.968749999999999861e-02	-1.269051959873657674e-02
2.999999999999999889e-02	-1.320268915973561892e-02
3.031249999999999917e-02	-1.372076330625592207e-02
3.062499999999999944e-02	-1.424472649582440680e-02
3.093749999999999972e-02	-1.477453831801108473e-02
3.125000000000000000e-02	-1.531013349442903598e-02
3.156250000000000028e-02	-1.585146384341172901e-02
3.187500000000000056e-02	-1.639849361727108504e-02
3.218750000000000083e-02	-1.695116064611481427e-02
3.250000000000000111e-02	-1.750937789209369017e-02
3.281250000000000139e-02	-1.807306453434771518e-02
3.312500000000000167e-02	-1.864214596900614501e-02
3.343750000000000194e-02	-1.921651495300474161e-02
3.375000000000000222e-02	-1.979602849559122454e-02
3.406250000000000250e-02	-2.038054516026061025e-02
3.437500000000000278e-02	-2.096991729351867922e-02
3.468750000000000305e-02	-2.156395683144122360e-02
3.500000000000000333e-02	-2.216243685392134746e-02
3.531249999999999667e-02	-2.276511800687368997e-02
3.562499999999999695e-02	-2.337174383949249673e-02
3.593749999999999722e-02	-2.398201593629475589e-02
3.624999999999999750e-02	-2.459558770013087897e-02
3.656249999999999778e-02	-2.521209232863629024e-02
3.687499999999999806e-02	-2.583113193450025519e-02
3.718749999999999833e-02	-2.645225734025091410e-02
3.749999999999999861e-02	-2.707497429524446941e-02
3.781249999999999889e-02	-2.769875435539636763e-02
3.812499999999999917e-02	-2.832301934070820953e-02
3.843749999999999944e-02	-2.894714288951506787e-02
3.874999999999999972e-02	-2.957044890423817310e-02
3.906250000000000000e-02	-3.019220999713760623e-02
3.937500000000000028e-02	-3.081163661058114803e-02
3.968750000000000056e-02	-3.142788945102273357e-02
4.000000000000000083e-02	-3.204007948900247649e-02
4.031250000000000111e-02	-3.264725086242623725e-02
4.062500000000000139e-02	-3.324836222559798826e-02
4.093750000000000167e-02	-3.384232560540246376e-02
4.125000000000000194e-02	-3.442800795555248095e-02
4.156250000000000222e-02	-3.500419074615895854e-02
4.187500000000000250e-02	-3.556954509577395229e-02
4.218750000000000278e-02	-3.612270015827223624e-02
4.250000000000000305e-02	-3.666225400258243949e-02
4.281250000000000333e-02	-3.718671299704202904e-02
4.312499999999999667e-02	-3.769448403816079429e-02
4.343749999999999695e-02	-3.818400199890005509e-02
4.374999999999999722e-02	-3.865376081361886207e-02
4.406249999999999750e-02	-3.910222022323544405e-02
4.437499999999999778e-02	-3.952779800399074117e-02
4.468749999999999806e-02	-3.992903938040493622e-02
4.499999999999999833e-02	-4.030464500172892262e-02
4.531249999999999861e-02	-4.065334038517055132e-02
4.562499999999999889e-02	-4.097387280739994697e-02
4.593749999999999917e-02	-4.126521506637158970e-02
4.624999999999999944e-02	-4.152658832875966849e-02
4.656249999999999972e-02	-4.175730048823815543e-02
4.687500000000000000e-02	-4.195675005109904265e-02
4.718750000000000028e-02	-4.212463005349907641e-02
4.750000000000000056e-02	-4.226092013479854775e-02
4.781250000000000083e-02	-4.236567329483063166e-02
4.812500000000000111e-02	-4.243900423704662778e-02
4.843750000000000139e-02	-4.248127496118692809e-02
4.875000000000000167e-02	-4.249307867682139417e-02
4.906250000000000194e-02	-4.247502777293166859e-02
4.937500000000000222e-02	-4.242775269885309258e-02
4.968750000000000250e-02	-4.235207142385866153e-02
5.000000000000000278e-02	-4.224897027328973487e-02
5.031250000000000305e-02	-4.211940775146085642e-02
5.062500000000000333e-02	-4.196432013695008262e-02
5.093749999999999667e-02	-4.178476587217381383e-02
5.124999999999999695e-02	-4.158190442562347683e-02
5.156249999999999722e-02	-4.135682532466163075e-02
5.187499999999999750e-02	-4.111055639303273779e-02
5.218749999999999778e-02	-4.084417892058864186e-02
5.249999999999999806e-02	-4.055880870147140355e-02
5.281249999999999833e-02	-4.025546112544703403e-02
5.312499999999999861e-02	-3.993506858547531818e-02
5.343749999999999889e-02	-3.959858492312885725e-02
5.374999999999999917e-02	-3.924697998872755250e-02
5.406249999999999944e-02	-3.888113659474208561e-02
5.437499999999999972e-02	-3.850186916676158477e-02
5.468750000000000000e-02	-3.811000456435365696e-02
5.500000000000000028e-02	-3.770637741832242457e-02
5.531250000000000056e-02	-3.729174930984859027e-02
5.562500000000000083e-02	-3.686682431296244011e-02
5.593750000000000111e-02	-3.643231271868353077e-02
5.625000000000000139e-02	-3.598892481803137727e-02
5.656250000000000167e-02	-3.553731028638053291e-02
5.687500000000000194e-02	-3.507807372593362699e-02
5.718750000000000222e-02	-3.461181818464596771e-02
5.750000000000000250e-02	-3.413914204773094846e-02
5.781250000000000278e-02	-3.366059707298274528e-02
5.812500000000000305e-02	-3.317669771626016034e-02
5.843750000000000333e-02	-3.268795066218541101e-02
5.874999999999999667e-02	-3.219485482414422700e-02
5.906249999999999695e-02	-3.169787181358695721e-02
5.937499999999999722e-02	-3.119743526551236115e-02
5.968749999999999750e-02	-3.069396793518811006e-02
5.999999999999999778e-02	-3.018788169815069672e-02
6.031249999999999806e-02	-2.967956045348506613e-02
6.062499999999999833e-02	-2.916936478656656506e-02
6.093749999999999861e-02	-2.865764595728670372e-02
6.124999999999999889e-02	-2.814474123731120631e-02
6.156249999999999917e-02	-2.763096613884349906e-02
6.187499999999999944e-02	-2.711662218586123954e-02
6.218749999999999972e-02	-2.660199691411631318e-02
6.250000000000000000e-02	-2.608736542538216824e-02
6.281249999999999334e-02	-2.557298727895914239e-02
6.312500000000000056e-02	-2.505911426291106830e-02
6.343749999999999389e-02	-2.454598262282865762e-02
6.375000000000000111e-02	-2.403381461607693656e-02
6.406249999999999445e-02	-2.352282317453697688e-02
6.437500000000000167e-02	-2.301321656734804655e-02
6.468749999999999500e-02	-2.250518907542352690e-02
6.500000000000000222e-02	-2.199891632870921640e-02
6.531249999999999556e-02	-2.149457084865620884e-02
6.562500000000000278e-02	-2.099232204822106679e-02
6.593749999999999611e-02	-2.049232224363987595e-02
6.625000000000000333e-02	-1.999470820867574675e-02
6.656249999999999667e-02	-1.949961516284439214e-02
6.687500000000000389e-02	-1.900717987990891214e-02
6.718749999999999722e-02	-1.851752203691195073e-02
6.750000000000000444e-02	-1.803074265992852740e-02
6.781249999999999778e-02	-1.754694432928090644e-02
6.812500000000000500e-02	-1.706623273378603603e-02
6.843749999999999833e-02	-1.658869801978770861e-02
6.875000000000000555e-02	-1.611441168266211643e-02
6.906249999999999889e-02	-1.564344988052728327e-02
6.937500000000000611e-02	-1.517589498849055037e-02
6.968749999999999944e-02	-1.471181073069148353e-02
7.000000000000000666e-02	-1.425124528879665765e-02
7.031250000000000000e-02	-1.379425150721448785e-02
7.062499999999999334e-02	-1.334089155583731076e-02
7.093750000000000056e-02	-1.289121050783703301e-02
7.124999999999999389e-02	-1.244523478541785695e-02
7.156250000000000111e-02	-1.200300169051520503e-02
7.187499999999999445e-02	-1.156455629630095266e-02
7.218750000000000167e-02	-1.112992813347398260e-02
7.249999999999999500e-02	-1.069913274450733261e-02
7.281250000000000222e-02	-1.027219344311065298e-02
7.312499999999999556e-02	-9.849144422724677092e-03
7.343750000000000278e-02	-9.430005888564430352e-03
7.374999999999999611e-02	-9.014782503371803271e-03
7.406250000000000333e-02	-8.603489809619908196e-03
7.437499999999999667e-02	-8.196155783760240843e-03
7.468750000000000389e-02	-7.792794414018608048e-03
7.499999999999999722e-02	-7.393407254642278895e-03
7.531250000000000444e-02	-6.998006739609751239e-03
7.562499999999999778e-02	-6.606619291125220492e-03
7.593750000000000500e-02	-6.219260451661790326e-03
7.624999999999999833e-02	-5.835931775466735895e-03
7.656250000000000555e-02	-5.456647250765859700e-03
7.687499999999999889e-02	-5.081436408257971639e-03
7.718750000000000611e-02	-4.710319453158103194e-03
7.749999999999999944e-02	-4.343301048208143139e-03
7.781250000000000666e-02	-3.980399844375814844e-03
7.812500000000000000e-02	-3.621651589349158488e-03
7.843749999999999334e-02	-3.267079596837809633e-03
7.875000000000000056e-02	-2.916693192325613918e-03
7.906249999999999389e-02	-2.570517243769468180e-03
7.937500000000000111e-02	-2.228590607352093442e-03
7.968749999999999445e-02	-1.890938151030375483e-03
8.000000000000000167e-02	-1.557573863030112466e-03
8.031249999999999500e-02	-1.228524165555506956e-03
8.062500000000000222e-02	-9.038310232838890450e-04
8.093749999999999556e-02	-5.835239669140640777e-04
8.125000000000000278e-02	-2.676185389191530761e-04
8.156249999999999611e-02	4.385666255042444445e-05
8.187500000000000333e-02	3.508579631453048763e-04
8.218749999999999667e-02	6.533542779193542843e-04
8.250000000000000389e-02	9.513299089747404187e-04
8.281249999999999722e-02	1.244754393064271495e-03
8.312500000000000444e-02	1.533581569042880097e-03
8.343749999999999778e-02	1.817780196539710248e-03
8.375000000000000500e-02	2.097334577656940688e-03
8.406249999999999833e-02	2.372214093722625240e-03
8.437500000000000555e-02	2.642372117317519017e-03
8.468749999999999889e-02	2.907777718920232651e-03
8.500000000000000611e-02	3.168416133181319559e-03
8.531249999999999944e-02	3.424257207703021444e-03
8.562500000000000666e-02	3.675254781340308186e-03
8.593750000000000000e-02	3.921379167969609586e-03
8.624999999999999334e-02	4.162617467338246627e-03
8.656250000000000056e-02	4.398941081295788640e-03
8.687499999999999389e-02	4.630305402944518388e-03
8.718750000000000111e-02	4.856682766682326319e-03
8.749999999999999445e-02	5.078062914477019657e-03
8.781250000000000167e-02	5.294420045823271595e-03
8.812499999999999500e-02	5.505712040619047468e-03
8.843750000000000222e-02	5.711914186332161733e-03
8.874999999999999556e-02	5.913019799699205555e-03
8.906250000000000278e-02	6.109006344134199594e-03
8.937499999999999611e-02	6.299835118879203513e-03
8.968750000000000333e-02	6.485485763294475403e-03
8.999999999999999667e-02	6.665955946009067407e-03
9.031250000000000389e-02	6.841227637754196747e-03
9.062499999999999722e-02	7.011266645089116178e-03
9.093750000000000444e-02	7.176057114691266475e-03
9.124999999999999778e-02	7.335601844205822189e-03
9.156250000000000500e-02	7.489887622530654390e-03
9.187499999999999833e-02	7.638884763542204588e-03
9.218750000000000555e-02	7.782581921235097976e-03
9.249999999999999889e-02	7.920986555996453390e-03
9.281250000000000611e-02	8.054089653191849954e-03
9.312499999999999944e-02	8.181865567740741543e-03
9.343750000000000666e-02	8.304307150105492627e-03
9.375000000000000000e-02	8.421425901716189308e-03
9.406249999999999334e-02	8.533216848981450831e-03
9.437500000000000056e-02	8.639657921589501133e-03
9.468749999999999389e-02	8.740745544771532857e-03
9.500000000000000111e-02	8.836494794726435995e-03
9.531249999999999445e-02	8.926903806357435606e-03
9.562500000000000167e-02	9.011953617847403078e-03
9.593749999999999500e-02	9.091643918346839492e-03
9.625000000000000222e-02	9.165992892549256268e-03
9.656249999999999556e-02	9.235001473003047814e-03
9.687500000000000278e-02	9.298653650960938405e-03
9.718749999999999611e-02	9.356951602369167204e-03
9.750000000000000333e-02	9.409915843292185680e-03
9.781249999999999667e-02	9.457549793074072550e-03
9.812500000000000389e-02	9.499839774338512954e-03
9.843749999999999722e-02	9.536790138977983486e-03
9.875000000000000444e-02	9.568423361408541494e-03
9.906249999999999778e-02	9.594744850410815221e-03
9.937500000000000500e-02	9.615742607195599395e-03
9.968749999999999833e-02	9.631422708869860974e-03
1.000000000000000056e-01	9.641809168554496198e-03
1.003119999999999984e-01	9.646908660187454229e-03
1.006250000000000061e-01	9.646715042373110380e-03
1.009369999999999989e-01	9.641225831354634235e-03
1.012500000000000067e-01	9.630496897105451232e-03
1.015619999999999995e-01	9.614467377285447480e-03
1.018749999999999933e-01	9.593230712248039527e-03
1.021870000000000001e-01	9.566658086175324274e-03
1.024999999999999939e-01	9.534944011750097481e-03
1.028120000000000006e-01	9.497893895767113570e-03
1.031249999999999944e-01	9.455735976533940351e-03
1.034370000000000012e-01	9.408207638975658871e-03
1.037499999999999950e-01	9.355637251532074664e-03
1.040620000000000017e-01	9.297696386577649491e-03
1.043749999999999956e-01	9.234746738598620039e-03
1.046870000000000023e-01	9.166392256534195565e-03
1.049999999999999961e-01	9.093093917701789569e-03
1.053120000000000028e-01	9.014389955972397853e-03
1.056249999999999967e-01	8.930774271848967646e-03
1.059370000000000034e-01	8.841717249966176903e-03
1.062499999999999972e-01	8.747811221184630809e-03
1.065620000000000039e-01	8.648461540431652203e-03
1.068749999999999978e-01	8.544293098681194840e-03
1.071870000000000045e-01	8.434643442407740999e-03
1.074999999999999983e-01	8.320234933039741959e-03
1.078120000000000051e-01	8.200339942612830738e-03
1.081249999999999989e-01	8.075713090274458036e-03
1.084370000000000056e-01	7.945559222107394584e-03
1.087499999999999994e-01	7.810729854755874349e-03
1.090620000000000062e-01	7.670364433565396954e-03
1.093750000000000000e-01	7.525346361869272860e-03
1.096870000000000067e-01	7.374747593377935402e-03
1.100000000000000006e-01	7.219548110611626740e-03
1.103119999999999934e-01	7.058754446151774796e-03
1.106250000000000011e-01	6.893378052420760793e-03
1.109369999999999939e-01	6.722357578943276984e-03
1.112500000000000017e-01	6.546800705198381649e-03
1.115619999999999945e-01	6.365580665550076879e-03
1.118750000000000022e-01	6.179836173692944759e-03
1.121869999999999951e-01	5.988372356625287080e-03
1.125000000000000028e-01	5.792424418698692914e-03
1.128119999999999956e-01	5.590731457512253602e-03
1.131250000000000033e-01	5.384559590277444678e-03
1.134369999999999962e-01	5.172579263116763686e-03
1.137500000000000039e-01	4.956153207243759080e-03
1.140619999999999967e-01	4.733885358435423012e-03
1.143750000000000044e-01	4.507169268256403308e-03
1.146869999999999973e-01	4.274539797257100558e-03
1.150000000000000050e-01	4.037487430308807877e-03
1.153119999999999978e-01	3.794479680063638557e-03
1.156250000000000056e-01	3.547037966136568597e-03
1.159369999999999984e-01	3.293559622313211969e-03
1.162500000000000061e-01	3.035664008170074410e-03
1.165619999999999989e-01	2.771680199924610177e-03
1.168750000000000067e-01	2.503258528701604591e-03
1.171869999999999995e-01	2.228656859831793305e-03
1.174999999999999933e-01	1.949624560581027840e-03
1.178120000000000001e-01	1.664350078373030275e-03
1.181249999999999939e-01	1.374614355815879062e-03
1.184370000000000006e-01	1.078533181136807385e-03
1.187499999999999944e-01	7.779885155584841073e-04
1.190620000000000012e-01	4.710262365182061564e-04
1.193749999999999950e-01	1.595615218660620957e-04
1.196870000000000017e-01	-1.584325533966067956e-04
1.199999999999999956e-01	-4.809364923298808611e-04
1.203120000000000023e-01	-8.100487625576804733e-04
1.206249999999999961e-01	-1.143714514852510987e-03
1.209370000000000028e-01	-1.484103766923958873e-03
1.212499999999999967e-01	-1.829055473421308236e-03
1.215620000000000034e-01	-2.180810441180287221e-03
1.218749999999999972e-01	-2.537169139200067848e-03
1.221870000000000039e-01	-2.900447052791012455e-03
1.224999999999999978e-01	-3.268335331413655884e-03
1.228120000000000045e-01	-3.643218697744026336e-03
1.231249999999999983e-01	-4.022748283726385737e-03
1.234370000000000051e-01	-4.409384992535994065e-03
1.237499999999999989e-01	-4.800664509113900837e-03
1.240620000000000056e-01	-5.199118386500971821e-03
1.243749999999999994e-01	-5.602242491065645945e-03
1.246870000000000062e-01	-6.012644302694851971e-03
1.250000000000000000e-01	-6.427701445595467716e-03
1.253120000000000067e-01	-6.850090109819390212e-03
1.256249999999999867e-01	-7.277147016757953835e-03
1.259369999999999934e-01	-7.711623721293280227e-03
1.262500000000000011e-01	-8.150734703887706559e-03
1.265620000000000078e-01	-8.597304118936806641e-03
1.268749999999999878e-01	-9.048504867678868607e-03
1.271869999999999945e-01	-9.507232376073995739e-03
1.275000000000000022e-01	-9.970536856808299986e-03
1.278120000000000089e-01	-1.044138509693106134e-02
1.281249999999999889e-01	-1.091678244733403254e-02
1.284369999999999956e-01	-1.139976854325947843e-02
1.287500000000000033e-01	-1.188722462459984065e-02
1.290620000000000100e-01	-1.238225828575007133e-02
1.293749999999999900e-01	-1.288170637232582266e-02
1.296869999999999967e-01	-1.338874868034817082e-02
1.300000000000000044e-01	-1.390009877004962612e-02
1.303120000000000112e-01	-1.441900183520437341e-02
1.306249999999999911e-01	-1.494212513190904673e-02
1.309369999999999978e-01	-1.547278309627708737e-02
1.312500000000000056e-01	-1.600752132041278336e-02
1.315620000000000123e-01	-1.654971779795386122e-02
1.318749999999999922e-01	-1.709587232417505986e-02
1.321869999999999989e-01	-1.764942362026489936e-02
1.325000000000000067e-01	-1.820674771865021802e-02
1.328120000000000134e-01	-1.877133781626597400e-02
1.331249999999999933e-01	-1.933950872062894372e-02
1.334370000000000001e-01	-1.991479513826780248e-02
1.337500000000000078e-01	-2.049338145918615586e-02
1.340619999999999867e-01	-2.107883335051902174e-02
1.343749999999999944e-01	-2.166726248836383859e-02
1.346870000000000012e-01	-2.226225248954707275e-02
1.350000000000000089e-01	-2.285977494399124219e-02
1.353119999999999878e-01	-2.346342194352242852e-02
1.356249999999999956e-01	-2.406907872656953093e-02
1.359370000000000023e-01	-2.468032725872668781e-02
1.362500000000000100e-01	-2.529291730774068520e-02
1.365619999999999890e-01	-2.591040834365171408e-02
1.368749999999999967e-01	-2.652845748614625701e-02
1.371870000000000034e-01	-2.715057669254613421e-02
1.375000000000000111e-01	-2.777229730041171074e-02
1.378119999999999901e-01	-2.839707540865986715e-02
1.381249999999999978e-01	-2.902034156999517417e-02
1.384370000000000045e-01	-2.964546371648013601e-02
1.387500000000000122e-01	-3.026777244157969823e-02
1.390619999999999912e-01	-3.089052990896189177e-02
1.393749999999999989e-01	-3.150896699158439729e-02
1.396870000000000056e-01	-3.212620583657070650e-02
1.400000000000000133e-01	-3.273741637048968589e-02
1.403119999999999923e-01	-3.334555921811094281e-02
1.406250000000000000e-01	-3.394570880310156941e-02
1.409370000000000067e-01	-3.454062252431374519e-02
1.412499999999999867e-01	-3.512536778270353849e-02
1.415619999999999934e-01	-3.570247246577494538e-02
1.418750000000000011e-01	-3.626692224843056783e-02
1.421870000000000078e-01	-3.682096235902886788e-02
1.424999999999999878e-01	-3.735965291718817971e-02
1.428119999999999945e-01	-3.788495104603886721e-02
1.431250000000000022e-01	-3.839190965349185969e-02
1.434370000000000089e-01	-3.888221084296833441e-02
1.437499999999999889e-01	-3.935121804358359537e-02
1.440619999999999956e-01	-3.980039498825552885e-02
1.443750000000000033e-01	-4.022529029280112051e-02
1.446870000000000100e-01	-4.062717209868348112e-02
1.449999999999999900e-01	-4.100217675101336390e-02
1.453119999999999967e-01	-4.135143004706847564e-02
1.456250000000000044e-01	-4.167144930707020883e-02
1.459370000000000112e-01	-4.196325740230939100e-02
1.462499999999999911e-01	-4.222421246747765089e-02
1.465619999999999978e-01	-4.245529407775810310e-02
1.468750000000000056e-01	-4.265442452131841533e-02
1.471870000000000123e-01	-4.282257282037547214e-02
1.474999999999999922e-01	-4.295864483754486401e-02
1.478119999999999989e-01	-4.306356591397982048e-02
1.481250000000000067e-01	-4.313677952668826948e-02
1.484370000000000134e-01	-4.317911757264037559e-02
1.487499999999999933e-01	-4.319090240232983935e-02
1.490620000000000001e-01	-4.317282292834070251e-02
1.493750000000000078e-01	-4.312562349438064935e-02
1.496869999999999867e-01	-4.304982081799940685e-02
1.499999999999999944e-01	-4.294688462927139655e-02
1.503120000000000012e-01	-4.281711511875440496e-02
1.506250000000000089e-01	-4.266227564442685166e-02
1.509369999999999878e-01	-4.248243378148011673e-02
1.512499999999999956e-01	-4.227989691324426924e-02
1.515620000000000023e-01	-4.205445799706769572e-02
1.518750000000000100e-01	-4.180858309572940690e-02
1.521869999999999890e-01	-4.154177910798257517e-02
1.524999999999999967e-01	-4.125686548121594577e-02
1.528120000000000034e-01	-4.095303254906992874e-02
1.531250000000000111e-01	-4.063315263716214820e-02
1.534369999999999901e-01	-4.029613060095593724e-02
1.537499999999999978e-01	-3.994508823444970630e-02
1.540620000000000045e-01	-3.957865949103384767e-02
1.543750000000000122e-01	-3.919999889093810780e-02
1.546869999999999912e-01	-3.880750730516631386e-02
1.549999999999999989e-01	-3.840452596256876960e-02
1.553120000000000056e-01	-3.798923444912136183e-02
1.556250000000000133e-01	-3.756498933223022946e-02
1.559369999999999923e-01	-3.712978251940045327e-02
1.562500000000000000e-01	-3.668710403938937881e-02
1.565620000000000067e-01	-3.623476692448788367e-02
1.568749999999999867e-01	-3.577626514253768458e-02
1.571869999999999934e-01	-3.530926359238399648e-02
1.575000000000000011e-01	-3.483734373728803596e-02
1.578120000000000078e-01	-3.435803309058022698e-02
1.581249999999999878e-01	-3.387490797282836225e-02
1.584369999999999945e-01	-3.338537892346712943e-02
1.587500000000000022e-01	-3.289307203876679769e-02
1.590620000000000089e-01	-3.239529385539260953e-02
1.593749999999999889e-01	-3.189565645403441563e-02
1.596869999999999956e-01	-3.139138201924757815e-02
1.600000000000000033e-01	-3.088610552018940941e-02
1.603120000000000100e-01	-3.037697096153230136e-02
1.606249999999999900e-01	-2.986759160768087326e-02
1.609369999999999967e-01	-2.935505402827419397e-02
1.612500000000000044e-01	-2.884296995585064471e-02
1.615620000000000112e-01	-2.832837281722537168e-02
1.618749999999999911e-01	-2.781485181456787303e-02
1.621869999999999978e-01	-2.729940314238819832e-02
1.625000000000000056e-01	-2.678559506403601145e-02
1.628120000000000123e-01	-2.627039391257869616e-02
1.631249999999999922e-01	-2.575734154159576780e-02
1.634369999999999989e-01	-2.524338733415516789e-02
1.637500000000000067e-01	-2.473203879621422435e-02
1.640620000000000134e-01	-2.422023132510190899e-02
1.643749999999999933e-01	-2.371144164024496445e-02
1.646870000000000001e-01	-2.320260130433341242e-02
1.650000000000000078e-01	-2.269713859401382636e-02
1.653119999999999867e-01	-2.219198616119272965e-02
1.656249999999999944e-01	-2.169054095883829816e-02
1.659370000000000012e-01	-2.118974115456977864e-02
1.662500000000000089e-01	-2.069292330206157215e-02
1.665619999999999878e-01	-2.019703810735688776e-02
1.668749999999999956e-01	-1.970539072087412746e-02
1.671870000000000023e-01	-1.921494942532836481e-02
1.675000000000000100e-01	-1.872894889534809995e-02
1.678119999999999890e-01	-1.824437648737143799e-02
1.681249999999999967e-01	-1.776443403042937685e-02
1.684370000000000034e-01	-1.728613526088865204e-02
1.687500000000000111e-01	-1.681260778190243887e-02
1.690619999999999901e-01	-1.634089244088419296e-02
1.693749999999999978e-01	-1.587408563667473682e-02
1.696870000000000045e-01	-1.540925884406319120e-02
1.700000000000000122e-01	-1.494943030687537720e-02
1.703119999999999912e-01	-1.449170533524267446e-02
1.706249999999999989e-01	-1.403907075978772130e-02
1.709370000000000056e-01	-1.358867022211062391e-02
1.712500000000000133e-01	-1.314340806084732076e-02
1.715619999999999923e-01	-1.270046739299280497e-02
1.718750000000000000e-01	-1.226272351140933470e-02
1.721870000000000067e-01	-1.182739994352182376e-02
1.724999999999999867e-01	-1.139729382717752024e-02
1.728119999999999934e-01	-1.096967142289862786e-02
1.731250000000000011e-01	-1.054729928094526488e-02
1.734370000000000078e-01	-1.012749012513034473e-02
1.737499999999999878e-01	-9.712931097354028653e-03
1.740619999999999945e-01	-9.300980335292148571e-03
1.743750000000000022e-01	-8.894298043873859541e-03
1.746870000000000089e-01	-8.490291295940619737e-03
1.749999999999999889e-01	-8.091543156019292624e-03
1.753119999999999956e-01	-7.695510000162728362e-03
1.756250000000000033e-01	-7.304748771595776652e-03
1.759370000000000100e-01	-6.916770157989187741e-03
1.762499999999999900e-01	-6.534054807676049383e-03
1.765619999999999967e-01	-6.154163427735669621e-03
1.768750000000000044e-01	-5.779552922575797308e-03
1.771870000000000112e-01	-5.407842180347754470e-03
1.774999999999999911e-01	-5.041411004845713223e-03
1.778119999999999978e-01	-4.677929159087268474e-03
1.781250000000000056e-01	-4.319754901268651158e-03
1.784370000000000123e-01	-3.964615593569273053e-03
1.787499999999999922e-01	-3.614789807304279613e-03
1.790619999999999989e-01	-3.268059977230475602e-03
1.793750000000000067e-01	-2.926680423431350393e-03
1.796870000000000134e-01	-2.588487723179519299e-03
1.799999999999999933e-01	-2.255656818040041069e-03
1.803120000000000001e-01	-1.926080641049504215e-03
1.806250000000000078e-01	-1.601907007805495687e-03
1.809369999999999867e-01	-1.281087460145483112e-03
1.812499999999999944e-01	-9.656874808353729410e-04
1.815620000000000012e-01	-6.537139190434422542e-04
1.818750000000000089e-01	-3.472038205295068913e-04
1.821869999999999878e-01	-4.422351165181797992e-05
1.824999999999999956e-01	2.532753583938713465e-04
1.828120000000000023e-01	5.471693216579424880e-04
1.831250000000000100e-01	8.355343741549971052e-04
1.834369999999999890e-01	1.120187719455828165e-03
1.837499999999999967e-01	1.399294813563253369e-03
1.840620000000000034e-01	1.674614136854647673e-03
1.843750000000000111e-01	1.944339907611803211e-03
1.846869999999999901e-01	2.210170158177077789e-03
1.849999999999999978e-01	2.470391550975331064e-03
1.853120000000000045e-01	2.726641971216275072e-03
1.856250000000000122e-01	2.977237948735735138e-03
1.859369999999999912e-01	3.223756134383641298e-03
1.862499999999999989e-01	3.464608452473287234e-03
1.865620000000000056e-01	3.701310184213172250e-03
1.868750000000000133e-01	3.932304322947259394e-03
1.871869999999999923e-01	4.159043890467062354e-03
1.875000000000000000e-01	4.380069830025260652e-03
1.878120000000000067e-01	4.596773132781671253e-03
1.881249999999999867e-01	4.807727060385777462e-03
1.884369999999999934e-01	5.014259129532025808e-03
1.887500000000000011e-01	5.215042973917682206e-03
1.890620000000000078e-01	5.411343096823783248e-03
1.893749999999999878e-01	5.601866545529193483e-03
1.896869999999999945e-01	5.787814230975520460e-03
1.900000000000000022e-01	5.967995661397769262e-03
1.903120000000000089e-01	6.143547787849698745e-03
1.906249999999999889e-01	6.313314732772891402e-03
1.909369999999999956e-01	6.478368867126399304e-03
1.912500000000000033e-01	6.637658325073731228e-03
1.915620000000000100e-01	6.792190960643889990e-03
1.918749999999999900e-01	6.940949706229817759e-03
1.921869999999999967e-01	7.084876779375024955e-03
1.925000000000000044e-01	7.223059966720756821e-03
1.928120000000000112e-01	7.356376028871677158e-03
1.931249999999999911e-01	7.483947501957281638e-03
1.934369999999999978e-01	7.606584990853815231e-03
1.937500000000000056e-01	7.723516352461931751e-03
1.940620000000000123e-01	7.835486165242822043e-03
1.943749999999999922e-01	7.941756932134703961e-03
1.946869999999999989e-01	8.043006295513825329e-03
1.950000000000000067e-01	8.138602346668797824e-03
1.953120000000000134e-01	8.229156012718414487e-03
1.956249999999999933e-01	8.314069744509995641e-03
1.959370000000000001e-01	8.393887549490216399e-03
1.962500000000000078e-01	8.468117565333917532e-03
1.965619999999999867e-01	8.537236559516447193e-03
1.968749999999999944e-01	8.600786893989601986e-03
1.971870000000000012e-01	8.659178122120077953e-03
1.975000000000000089e-01	8.712057620257620053e-03
1.978119999999999878e-01	8.759767784359159121e-03
1.981249999999999956e-01	8.801990101653566628e-03
1.984370000000000023e-01	8.838999586876467723e-03
1.987500000000000100e-01	8.870582196151131915e-03
1.990619999999999890e-01	8.896945799535808941e-03
1.993749999999999967e-01	8.917909959909733203e-03
1.996870000000000034e-01	8.933615149746674047e-03
2.000000000000000111e-01	8.943984991095811632e-03
2.003119999999999901e-01	8.949092641915387669e-03
2.006249999999999978e-01	8.948899024101043820e-03
2.009370000000000045e-01	8.943409813082567675e-03
2.012500000000000122e-01	8.932680878833382937e-03
2.015619999999999912e-01	8.916651359013379186e-03
2.018749999999999989e-01	8.895414693975983375e-03
2.021870000000000056e-01	8.868842067903257714e-03
2.025000000000000133e-01	8.837127993478029186e-03
2.028119999999999923e-01	8.800077877495045275e-03
2.031250000000000000e-01	8.757919958261872057e-03
2.034370000000000067e-01	8.710391620703580168e-03
2.037499999999999867e-01	8.657821233260006369e-03
2.040619999999999934e-01	8.599880368305581196e-03
2.043750000000000011e-01	8.536930720326551744e-03
2.046870000000000078e-01	8.468576238262116862e-03
2.049999999999999878e-01	8.395277899429721274e-03
2.053119999999999945e-01	8.316573937700329558e-03
2.056250000000000022e-01	8.232958253576904556e-03
2.059370000000000089e-01	8.143901231694113813e-03
2.062499999999999889e-01	8.049995202912557310e-03
2.065619999999999956e-01	7.950645522159590847e-03
2.068750000000000033e-01	7.846477080409126545e-03
2.071870000000000100e-01	7.736827424135667500e-03
2.074999999999999900e-01	7.622418914767668460e-03
2.078119999999999967e-01	7.502523924340763310e-03
2.081250000000000044e-01	7.377897072002401885e-03
2.084370000000000112e-01	7.247743203835332361e-03
2.087499999999999911e-01	7.112913836483806922e-03
2.090619999999999978e-01	6.972548415293334731e-03
2.093750000000000056e-01	6.827530343597215841e-03
2.096870000000000123e-01	6.676931575105867107e-03
2.099999999999999922e-01	6.521732092339558445e-03
2.103119999999999989e-01	6.360938427879712573e-03
2.106250000000000067e-01	6.195562034148687294e-03
2.109370000000000134e-01	6.024541560671203486e-03
2.112499999999999933e-01	5.848984686926302946e-03
2.115620000000000001e-01	5.667764647278014656e-03
2.118750000000000078e-01	5.482020155420872128e-03
2.121869999999999867e-01	5.290556338353213581e-03
2.124999999999999944e-01	5.094608400426629824e-03
2.128120000000000012e-01	4.892915439240191379e-03
2.131250000000000089e-01	4.686743572005365975e-03
2.134369999999999878e-01	4.474763244844684983e-03
2.137499999999999956e-01	4.258337188971686449e-03
2.140620000000000023e-01	4.036069340163355584e-03
2.143750000000000100e-01	3.809353249984319401e-03
2.146869999999999890e-01	3.576723778985021855e-03
2.149999999999999967e-01	3.339671412036740016e-03
2.153120000000000034e-01	3.096663661791570696e-03
2.156250000000000111e-01	2.849221947864490328e-03
2.159369999999999901e-01	2.595743604041133700e-03
2.162499999999999978e-01	2.337847989898000911e-03
2.165620000000000045e-01	2.073864181652542316e-03
2.168750000000000122e-01	1.805442510429525887e-03
2.171869999999999912e-01	1.530840841559714819e-03
2.174999999999999989e-01	1.251808542308959979e-03
2.178120000000000056e-01	9.665340601009463680e-04
2.181250000000000133e-01	6.767983375437949378e-04
2.184369999999999923e-01	3.807171628647125819e-04
2.187500000000000000e-01	8.017249728641632762e-05
2.190620000000000067e-01	-2.267897817538724382e-04
2.193749999999999867e-01	-5.382544964060164989e-04
2.196869999999999934e-01	-8.562485716686746295e-04
2.200000000000000011e-01	-1.178752510601948668e-03
2.203120000000000078e-01	-1.507864780829759176e-03
2.206249999999999878e-01	-1.841530533124584269e-03
2.209369999999999945e-01	-2.181919785196015892e-03
2.212500000000000022e-01	-2.526871491693365255e-03
2.215620000000000089e-01	-2.878626459452360720e-03
2.218749999999999889e-01	-3.234985157472140913e-03
2.221869999999999956e-01	-3.598263071063066872e-03
2.225000000000000033e-01	-3.966151349685712903e-03
2.228120000000000100e-01	-4.341034716016099401e-03
2.231249999999999900e-01	-4.720564301998461838e-03
2.234369999999999967e-01	-5.107201010808048482e-03
2.237500000000000044e-01	-5.498480527385955254e-03
2.240620000000000112e-01	-5.896934404773044452e-03
2.243749999999999911e-01	-6.300058509337719444e-03
2.246869999999999978e-01	-6.710460320966906388e-03
2.250000000000000056e-01	-7.125517463867522133e-03
2.253120000000000123e-01	-7.547906128091463711e-03
2.256249999999999922e-01	-7.974963035030029068e-03
2.259369999999999989e-01	-8.409439739565356328e-03
2.262500000000000067e-01	-8.848550722159783527e-03
2.265620000000000134e-01	-9.295120137208883609e-03
2.268749999999999933e-01	-9.746320885950945576e-03
2.271870000000000001e-01	-1.020504839434607271e-02
2.275000000000000078e-01	-1.066835287508037522e-02
2.278119999999999867e-01	-1.113920111520313658e-02
2.281249999999999944e-01	-1.161459846560605920e-02
2.284370000000000012e-01	-1.209758456153154846e-02
2.287500000000000089e-01	-1.258504064287191068e-02
2.290619999999999878e-01	-1.308007430402214136e-02
2.293749999999999956e-01	-1.357952239059784759e-02
2.296870000000000023e-01	-1.408656469862024085e-02
2.300000000000000100e-01	-1.459791478832169614e-02
2.303119999999999890e-01	-1.511681785347644344e-02
2.306249999999999967e-01	-1.563994115018108033e-02
2.309370000000000034e-01	-1.617059911454916260e-02
2.312500000000000111e-01	-1.670533733868485859e-02
2.315619999999999901e-01	-1.724753381622593992e-02
2.318749999999999978e-01	-1.779368834244708653e-02
2.321870000000000045e-01	-1.834723963853697459e-02
2.325000000000000122e-01	-1.890456373692229325e-02
2.328119999999999912e-01	-1.946915383453804924e-02
2.331249999999999989e-01	-2.003732473890097732e-02
2.334370000000000056e-01	-2.061261115653988119e-02
2.337500000000000133e-01	-2.119119747745823804e-02
2.340619999999999923e-01	-2.177664936879110391e-02
2.343750000000000000e-01	-2.236507850663592076e-02
2.346870000000000067e-01	-2.296006850781915493e-02
2.349999999999999867e-01	-2.355759096226331742e-02
2.353119999999999934e-01	-2.416123796179445171e-02
2.356250000000000011e-01	-2.476689474484161310e-02
2.359370000000000078e-01	-2.537814327699876998e-02
2.362499999999999878e-01	-2.599073332601276737e-02
2.365619999999999945e-01	-2.660822436192374421e-02
2.368750000000000022e-01	-2.722627350441834265e-02
2.371870000000000089e-01	-2.784839271081821638e-02
2.374999999999999889e-01	-2.847011331868379291e-02
2.378119999999999956e-01	-2.909489142693189381e-02
2.381250000000000033e-01	-2.971815758826724940e-02
2.384370000000000100e-01	-3.034327973475221471e-02
2.387499999999999900e-01	-3.096558845985177347e-02
2.390619999999999967e-01	-3.158834592723391149e-02
2.393750000000000044e-01	-3.220678300985646558e-02
2.396870000000000112e-01	-3.282402185484277479e-02
2.399999999999999911e-01	-3.343523238876176112e-02
2.403119999999999978e-01	-3.404337523638295560e-02
2.406250000000000056e-01	-3.464352482137365158e-02
2.409370000000000123e-01	-3.523843854258582042e-02
2.412499999999999922e-01	-3.582318380097562066e-02
2.415619999999999989e-01	-3.640028848404702061e-02
2.418750000000000067e-01	-3.696473826670264307e-02
2.421870000000000134e-01	-3.751877837730094312e-02
2.424999999999999933e-01	-3.805746893546025494e-02
2.428120000000000001e-01	-3.858276706431094244e-02
2.431250000000000078e-01	-3.908972567176394186e-02
2.434369999999999867e-01	-3.958002686124040964e-02
2.437499999999999944e-01	-4.004903406185563591e-02
2.440620000000000012e-01	-4.049821100652760408e-02
2.443750000000000089e-01	-4.092310631107320268e-02
2.446869999999999878e-01	-4.132498811695554941e-02
2.449999999999999956e-01	-4.169999276928540444e-02
2.453120000000000023e-01	-4.204924606534054393e-02
2.456250000000000100e-01	-4.236926532534227019e-02
2.459369999999999890e-01	-4.266107342058145235e-02
2.462499999999999967e-01	-4.292202848574969143e-02
2.465620000000000034e-01	-4.315311009603017139e-02
2.468750000000000111e-01	-4.335224053959048363e-02
2.471869999999999901e-01	-4.352038883864754737e-02
2.474999999999999978e-01	-4.365646085581692537e-02
2.478120000000000045e-01	-4.376138193225188183e-02
2.481250000000000122e-01	-4.383459554496033778e-02
2.484369999999999912e-01	-4.387693359091245082e-02
2.487499999999999989e-01	-4.388871842060190070e-02
2.490620000000000056e-01	-4.387063894661277774e-02
2.493750000000000133e-01	-4.382343951265272458e-02
2.496869999999999923e-01	-4.374763683627148209e-02
2.500000000000000000e-01	-4.364470064754347178e-02
2.503119999999999790e-01	-4.351493113702648713e-02
2.506249999999999867e-01	-4.336009166269892690e-02
2.509370000000000211e-01	-4.318024979975219196e-02
2.512499999999999734e-01	-4.297771293151630978e-02
2.515620000000000078e-01	-4.275227401533978483e-02
2.518750000000000155e-01	-4.250639911400146825e-02
2.521869999999999945e-01	-4.223959512625462959e-02
2.525000000000000022e-01	-4.195468149948800712e-02
2.528119999999999812e-01	-4.165084856734199703e-02
2.531249999999999889e-01	-4.133096865543424425e-02
2.534370000000000234e-01	-4.099394661922802635e-02
2.537499999999999756e-01	-4.064290425272173296e-02
2.540620000000000100e-01	-4.027647550930594372e-02
2.543750000000000178e-01	-3.989781490921016222e-02
2.546869999999999967e-01	-3.950532332343836134e-02
2.550000000000000044e-01	-3.910234198084081708e-02
2.553119999999999834e-01	-3.868705046739341624e-02
2.556249999999999911e-01	-3.826280535050231857e-02
2.559370000000000256e-01	-3.782759853767254238e-02
2.562499999999999778e-01	-3.738492005766139159e-02
2.565620000000000123e-01	-3.693258294275997972e-02
2.568750000000000200e-01	-3.647408116080973206e-02
2.571869999999999989e-01	-3.600707961065601620e-02
2.575000000000000067e-01	-3.553515975556009038e-02
2.578119999999999856e-01	-3.505584910885227445e-02
2.581249999999999933e-01	-3.457272399110047911e-02
2.584369999999999723e-01	-3.408319494173919773e-02
2.587499999999999800e-01	-3.359088805703890762e-02
2.590620000000000145e-01	-3.309310987366472639e-02
2.593750000000000222e-01	-3.259347247230647698e-02
2.596870000000000012e-01	-3.208919803751959093e-02
2.600000000000000089e-01	-3.158392153846147077e-02
2.603119999999999878e-01	-3.107478697980436966e-02
2.606249999999999956e-01	-3.056540762595296584e-02
2.609369999999999745e-01	-3.005287004654624491e-02
2.612499999999999822e-01	-2.954078597412274770e-02
2.615620000000000167e-01	-2.902618883549747467e-02
2.618750000000000244e-01	-2.851266783283992745e-02
2.621870000000000034e-01	-2.799721916066020763e-02
2.625000000000000111e-01	-2.748341108230806240e-02
2.628119999999999901e-01	-2.696820993085075405e-02
2.631249999999999978e-01	-2.645515755986786385e-02
2.634369999999999767e-01	-2.594120335242722925e-02
2.637499999999999845e-01	-2.542985481448632387e-02
2.640620000000000189e-01	-2.491804734337401198e-02
2.643750000000000266e-01	-2.440925765851702234e-02
2.646870000000000056e-01	-2.390041732260542867e-02
2.650000000000000133e-01	-2.339495461228588077e-02
2.653119999999999923e-01	-2.288980217946478407e-02
2.656250000000000000e-01	-2.238835697711035952e-02
2.659369999999999790e-01	-2.188755717284183652e-02
2.662499999999999867e-01	-2.139073932033367514e-02
2.665620000000000211e-01	-2.089485412562899422e-02
2.668749999999999734e-01	-2.040320673914614372e-02
2.671870000000000078e-01	-1.991276544360047474e-02
2.675000000000000155e-01	-1.942676491362016478e-02
2.678119999999999945e-01	-1.894219250564350282e-02
2.681250000000000022e-01	-1.846225004870144862e-02
2.684369999999999812e-01	-1.798395127916072381e-02
2.687499999999999889e-01	-1.751042380017455574e-02
2.690620000000000234e-01	-1.703870845915630289e-02
2.693749999999999756e-01	-1.657190165494676695e-02
2.696870000000000100e-01	-1.610707486233530633e-02
2.700000000000000178e-01	-1.564724632514745070e-02
2.703119999999999967e-01	-1.518952135351474796e-02
2.706250000000000044e-01	-1.473688677805979654e-02
2.709369999999999834e-01	-1.428648624038269740e-02
2.712499999999999911e-01	-1.384122407911943416e-02
2.715620000000000256e-01	-1.339828341126491316e-02
2.718749999999999778e-01	-1.296053952968136830e-02
2.721870000000000123e-01	-1.252521596179393196e-02
2.725000000000000200e-01	-1.209510984544959374e-02
2.728119999999999989e-01	-1.166748744117065972e-02
2.731250000000000067e-01	-1.124511529921733838e-02
2.734369999999999856e-01	-1.082530614340241823e-02
2.737499999999999933e-01	-1.041074711562613685e-02
2.740619999999999723e-01	-9.998796353564220335e-03
2.743749999999999800e-01	-9.592114062145964265e-03
2.746870000000000145e-01	-9.188107314212726195e-03
2.750000000000000222e-01	-8.789359174291364388e-03
2.753120000000000012e-01	-8.393326018434767166e-03
2.756250000000000089e-01	-8.002564789867838008e-03
2.759369999999999878e-01	-7.614586176261249964e-03
2.762499999999999956e-01	-7.231870825948143698e-03
2.765619999999999745e-01	-6.851979446007732712e-03
2.768749999999999822e-01	-6.477368940847892491e-03
2.771870000000000167e-01	-6.105658198619848785e-03
2.775000000000000244e-01	-5.739227023117776313e-03
2.778120000000000034e-01	-5.375745177359298604e-03
2.781250000000000111e-01	-5.017570919540710779e-03
2.784369999999999901e-01	-4.662431611841332674e-03
2.787499999999999978e-01	-4.312605825576371760e-03
2.790619999999999767e-01	-3.965875995502535223e-03
2.793749999999999845e-01	-3.624496441703442540e-03
2.796870000000000189e-01	-3.286303741451611447e-03
2.800000000000000266e-01	-2.953472836312106328e-03
2.803120000000000056e-01	-2.623896659321537164e-03
2.806250000000000133e-01	-2.299723026077568969e-03
2.809369999999999923e-01	-1.978903478417556178e-03
2.812500000000000000e-01	-1.663503499107446115e-03
2.815619999999999790e-01	-1.351529937315515536e-03
2.818749999999999867e-01	-1.045019838801607062e-03
2.821870000000000211e-01	-7.420395299239181163e-04
2.824999999999999734e-01	-4.445406598781803057e-04
2.828120000000000078e-01	-1.506466966141576551e-04
2.831250000000000155e-01	1.377183558829185106e-04
2.834369999999999945e-01	4.223717011837496791e-04
2.837500000000000022e-01	7.014787952911748833e-04
2.840619999999999812e-01	9.767981185825691873e-04
2.843749999999999889e-01	1.246523889339703041e-03
2.846870000000000234e-01	1.512354139904977836e-03
2.849999999999999756e-01	1.772575532703273829e-03
2.853120000000000100e-01	2.028825952944169481e-03
2.856250000000000178e-01	2.279421930463667277e-03
2.859369999999999967e-01	2.525940116111573437e-03
2.862500000000000044e-01	2.766792434201219373e-03
2.865619999999999834e-01	3.003494165941104389e-03
2.868749999999999911e-01	3.234488304675169849e-03
2.871870000000000256e-01	3.461227872194973243e-03
2.874999999999999778e-01	3.682253811753214475e-03
2.878120000000000123e-01	3.898957114509587346e-03
2.881250000000000200e-01	4.109911042113709168e-03
2.884369999999999989e-01	4.316443111259973993e-03
2.887500000000000067e-01	4.517226955645614779e-03
2.890619999999999856e-01	4.713527078551714954e-03
2.893749999999999933e-01	4.904050527257109576e-03
2.896869999999999723e-01	5.089998212703452166e-03
2.899999999999999800e-01	5.270179643125685355e-03
2.903120000000000145e-01	5.445731769577608766e-03
2.906250000000000222e-01	5.615498714500807495e-03
2.909370000000000012e-01	5.780552848854331009e-03
2.912500000000000089e-01	5.939842306801647320e-03
2.915619999999999878e-01	6.094374942371806082e-03
2.918749999999999956e-01	6.243133687957722576e-03
2.921869999999999745e-01	6.387060761102941048e-03
2.924999999999999822e-01	6.525243948448662505e-03
2.928120000000000167e-01	6.658560010599581976e-03
2.931250000000000244e-01	6.786131483685191659e-03
2.934370000000000034e-01	6.908768972581731324e-03
2.937500000000000111e-01	7.025700334189847844e-03
2.940619999999999901e-01	7.137670146970726860e-03
2.943749999999999978e-01	7.243940913862598370e-03
2.946869999999999767e-01	7.345190277241730147e-03
2.949999999999999845e-01	7.440786328396702641e-03
2.953120000000000189e-01	7.531339994446319304e-03
2.956250000000000266e-01	7.616253726237910866e-03
2.959370000000000056e-01	7.696071531218142900e-03
2.962500000000000133e-01	7.770301547061844033e-03
2.965619999999999923e-01	7.839420541244363286e-03
2.968750000000000000e-01	7.902970875717518079e-03
2.971869999999999790e-01	7.961362103847994046e-03
2.974999999999999867e-01	8.014241601985524002e-03
2.978120000000000211e-01	8.061951766087064805e-03
2.981249999999999734e-01	8.104174083381482721e-03
2.984370000000000078e-01	8.141183568604373408e-03
2.987500000000000155e-01	8.172766177879048008e-03
2.990619999999999945e-01	8.199129781263725034e-03
2.993750000000000022e-01	8.220093941637649296e-03
2.996869999999999812e-01	8.235799131474590140e-03
2.999999999999999889e-01	8.246168972823727725e-03
3.003120000000000234e-01	8.251276623643303762e-03
3.006249999999999756e-01	8.251083005828952974e-03
3.009370000000000100e-01	8.245593794810488972e-03
3.012500000000000178e-01	8.234864860561304234e-03
3.015619999999999967e-01	8.218835340741300483e-03
3.018750000000000044e-01	8.197598675703894264e-03
3.021869999999999834e-01	8.171026049631179011e-03
3.024999999999999911e-01	8.139311975205950483e-03
3.028120000000000256e-01	8.102261859222966572e-03
3.031249999999999778e-01	8.060103939989782945e-03
3.034370000000000123e-01	8.012575602431513608e-03
3.037500000000000200e-01	7.960005214987927666e-03
3.040619999999999989e-01	7.902064350033502493e-03
3.043750000000000067e-01	7.839114702054473041e-03
3.046869999999999856e-01	7.770760219990038159e-03
3.049999999999999933e-01	7.697461881157642571e-03
3.053119999999999723e-01	7.618757919428251722e-03
3.056249999999999800e-01	7.535142235304837129e-03
3.059370000000000145e-01	7.446085213422045518e-03
3.062500000000000222e-01	7.352179184640489015e-03
3.065620000000000012e-01	7.252829503887500869e-03
3.068750000000000089e-01	7.148661062137053046e-03
3.071869999999999878e-01	7.039011405863594001e-03
3.074999999999999956e-01	6.924602896495606237e-03
3.078119999999999745e-01	6.804707906068689811e-03
3.081249999999999822e-01	6.680081053730323182e-03
3.084370000000000167e-01	6.549927185563258862e-03
3.087500000000000244e-01	6.415097818211723014e-03
3.090620000000000034e-01	6.274732397021234344e-03
3.093750000000000111e-01	6.129714325325126729e-03
3.096869999999999901e-01	5.979115556833783200e-03
3.099999999999999978e-01	5.823916074067484946e-03
3.103119999999999767e-01	5.663122409607628666e-03
3.106249999999999845e-01	5.497746015876613795e-03
3.109370000000000189e-01	5.326725542399130854e-03
3.112500000000000266e-01	5.151168668654208631e-03
3.115620000000000056e-01	4.969948629005902993e-03
3.118750000000000133e-01	4.784204137148776945e-03
3.121869999999999923e-01	4.592740320081124469e-03
3.125000000000000000e-01	4.396792382154535508e-03
3.128119999999999790e-01	4.195099420968096196e-03
3.131249999999999867e-01	3.988927553733297680e-03
3.134370000000000211e-01	3.776947226572622326e-03
3.137499999999999734e-01	3.560521170699586062e-03
3.140620000000000078e-01	3.338253321891292928e-03
3.143750000000000155e-01	3.111537231712240698e-03
3.146869999999999945e-01	2.878907760712937948e-03
3.150000000000000022e-01	2.641855393764655675e-03
3.153119999999999812e-01	2.398847643519486355e-03
3.156249999999999889e-01	2.151405929592433309e-03
3.159370000000000234e-01	1.897927585769076464e-03
3.162499999999999756e-01	1.640031971625906162e-03
3.165620000000000100e-01	1.376048163380490718e-03
3.168750000000000178e-01	1.107626492157452822e-03
3.171869999999999967e-01	8.330248232876361156e-04
3.175000000000000044e-01	5.539925240368813843e-04
3.178119999999999834e-01	2.687180418288731402e-04
3.181249999999999911e-01	-2.101768072824589274e-05
3.184370000000000256e-01	-3.170988554073282824e-04
3.187499999999999778e-01	-6.176435209856785029e-04
3.190620000000000123e-01	-9.246058000259132484e-04
3.193750000000000200e-01	-1.236070514678084360e-03
3.196869999999999989e-01	-1.554064589940769379e-03
3.200000000000000067e-01	-1.876568528874016529e-03
3.203119999999999856e-01	-2.205680799101827037e-03
3.206249999999999933e-01	-2.539346551396651913e-03
3.209369999999999723e-01	-2.879735803468110641e-03
3.212499999999999800e-01	-3.224687509965433116e-03
3.215620000000000145e-01	-3.576442477724428581e-03
3.218750000000000222e-01	-3.932801175744240867e-03
3.221870000000000012e-01	-4.296079089335196749e-03
3.225000000000000089e-01	-4.663967367957813290e-03
3.228119999999999878e-01	-5.038850734288199788e-03
3.231249999999999956e-01	-5.418380320270526664e-03
3.234369999999999745e-01	-5.805017029080146267e-03
3.237499999999999822e-01	-6.196296545658014875e-03
3.240620000000000167e-01	-6.594750423045104074e-03
3.243750000000000244e-01	-6.997874527609819831e-03
3.246870000000000034e-01	-7.408276339239042337e-03
3.250000000000000111e-01	-7.823333482139619918e-03
3.253119999999999901e-01	-8.245722146363560628e-03
3.256249999999999978e-01	-8.672779053302092159e-03
3.259369999999999767e-01	-9.107255757837461052e-03
3.262499999999999845e-01	-9.546366740431848352e-03
3.265620000000000189e-01	-9.992936155480948435e-03
3.268750000000000266e-01	-1.044413690422305030e-02
3.271870000000000056e-01	-1.090286441261821906e-02
3.275000000000000133e-01	-1.136616889335248168e-02
3.278119999999999923e-01	-1.183701713347524477e-02
3.281250000000000000e-01	-1.231241448387816566e-02
3.284369999999999790e-01	-1.279540057980364971e-02
3.287499999999999867e-01	-1.328285666114396683e-02
3.290620000000000211e-01	-1.377789032229420445e-02
3.293749999999999734e-01	-1.427733840886999742e-02
3.296870000000000078e-01	-1.478438071689229874e-02
3.300000000000000155e-01	-1.529573080659380260e-02
3.303119999999999945e-01	-1.581463387174854296e-02
3.306250000000000022e-01	-1.633775716845316250e-02
3.309369999999999812e-01	-1.686841513282125171e-02
3.312499999999999889e-01	-1.740315335695689913e-02
3.315620000000000234e-01	-1.794534983449797352e-02
3.318749999999999756e-01	-1.849150436071922074e-02
3.321870000000000100e-01	-1.904505565680901513e-02
3.325000000000000178e-01	-1.960237975519438236e-02
3.328119999999999967e-01	-2.016696985281013488e-02
3.331250000000000044e-01	-2.073514075717306643e-02
3.334369999999999834e-01	-2.131042717481197030e-02
3.337499999999999911e-01	-2.188901349573027857e-02
3.340620000000000256e-01	-2.247446538706314445e-02
3.343749999999999778e-01	-2.306289452490806538e-02
3.346870000000000123e-01	-2.365788452609119547e-02
3.350000000000000200e-01	-2.425540698053541347e-02
3.353119999999999989e-01	-2.485905398006659980e-02
3.356250000000000067e-01	-2.546471076311369874e-02
3.359369999999999856e-01	-2.607595929527085563e-02
3.362499999999999933e-01	-2.668854934428479750e-02
3.365619999999999723e-01	-2.730604038019582638e-02
3.368749999999999800e-01	-2.792408952269037278e-02
3.371870000000000145e-01	-2.854620872909024304e-02
3.375000000000000222e-01	-2.916792933695587856e-02
3.378120000000000012e-01	-2.979270744520403497e-02
3.381250000000000089e-01	-3.041597360653932811e-02
3.384369999999999878e-01	-3.104109575302429341e-02
3.387499999999999956e-01	-3.166340447812379666e-02
3.390619999999999745e-01	-3.228616194550598673e-02
3.393749999999999822e-01	-3.290459902812849224e-02
3.396870000000000167e-01	-3.352183787311480145e-02
3.400000000000000244e-01	-3.413304840703383636e-02
3.403120000000000034e-01	-3.474119125465510022e-02
3.406250000000000111e-01	-3.534134083964571987e-02
3.409369999999999901e-01	-3.593625456085790260e-02
3.412499999999999978e-01	-3.652099981924763344e-02
3.415619999999999767e-01	-3.709810450231910278e-02
3.418749999999999845e-01	-3.766255428497466973e-02
3.421870000000000189e-01	-3.821659439557296978e-02
3.425000000000000266e-01	-3.875528495373233712e-02
3.428120000000000056e-01	-3.928058308258306625e-02
3.431250000000000133e-01	-3.978754169003599628e-02
3.434369999999999923e-01	-4.027784287951247100e-02
3.437500000000000000e-01	-4.074685008012769033e-02
3.440619999999999790e-01	-4.119602702479967238e-02
3.443749999999999867e-01	-4.162092232934522240e-02
3.446870000000000211e-01	-4.202280413522758301e-02
3.449999999999999734e-01	-4.239780878755749355e-02
3.453120000000000078e-01	-4.274706208361257059e-02
3.456250000000000155e-01	-4.306708134361434542e-02
3.459369999999999945e-01	-4.335888943885352759e-02
3.462500000000000022e-01	-4.361984450402176666e-02
3.465619999999999812e-01	-4.385092611430225357e-02
3.468749999999999889e-01	-4.405005655786252416e-02
3.471870000000000234e-01	-4.421820485691959485e-02
3.474999999999999756e-01	-4.435427687408900060e-02
3.478120000000000100e-01	-4.445919795052394319e-02
3.481250000000000178e-01	-4.453241156323241995e-02
3.484369999999999967e-01	-4.457474960918453299e-02
3.487500000000000044e-01	-4.458653443887398288e-02
3.490619999999999834e-01	-4.456845496488484604e-02
3.493749999999999911e-01	-4.452125553092480675e-02
3.496870000000000256e-01	-4.444545285454356426e-02
3.499999999999999778e-01	-4.434251666581553314e-02
3.503120000000000123e-01	-4.421274715529857624e-02
3.506250000000000200e-01	-4.405790768097098825e-02
3.509369999999999989e-01	-4.387806581802424638e-02
3.512500000000000067e-01	-4.367552894978839195e-02
3.515619999999999856e-01	-4.345009003361183231e-02
3.518749999999999933e-01	-4.320421513227355736e-02
3.521869999999999723e-01	-4.293741114452672564e-02
3.524999999999999800e-01	-4.265249751776010317e-02
3.528120000000000145e-01	-4.234866458561407920e-02
3.531250000000000222e-01	-4.202878467370627785e-02
3.534370000000000012e-01	-4.169176263750005995e-02
3.537500000000000089e-01	-4.134072027099382901e-02
3.540619999999999878e-01	-4.097429152757797038e-02
3.543749999999999956e-01	-4.059563092748226520e-02
3.546869999999999745e-01	-4.020313934171047127e-02
3.549999999999999822e-01	-3.980015799911292007e-02
3.553120000000000167e-01	-3.938486648566551229e-02
3.556250000000000244e-01	-3.896062136877435911e-02
3.559370000000000034e-01	-3.852541455594457598e-02
3.562500000000000111e-01	-3.808273607593350846e-02
3.565619999999999901e-01	-3.763039896103201332e-02
3.568749999999999978e-01	-3.717189717908185587e-02
3.571869999999999767e-01	-3.670489562892812613e-02
3.574999999999999845e-01	-3.623297577383220724e-02
3.578120000000000189e-01	-3.575366512712439826e-02
3.581250000000000266e-01	-3.527054000937249190e-02
3.584370000000000056e-01	-3.478101096001121051e-02
3.587500000000000133e-01	-3.428870407531092734e-02
3.590619999999999923e-01	-3.379092589193673918e-02
3.593750000000000000e-01	-3.329128849057858691e-02
3.596869999999999790e-01	-3.278701405579170086e-02
3.599999999999999867e-01	-3.228173755673358070e-02
3.603120000000000211e-01	-3.177260299807647959e-02
3.606249999999999734e-01	-3.126322364422497863e-02
3.609370000000000078e-01	-3.075068606481834790e-02
3.612500000000000155e-01	-3.023860199239475702e-02
3.615619999999999945e-01	-2.972400485376948745e-02
3.618750000000000022e-01	-2.921048385111203044e-02
3.621869999999999812e-01	-2.869503517893230715e-02
3.624999999999999889e-01	-2.818122710058016886e-02
3.628120000000000234e-01	-2.766602594912285357e-02
3.631249999999999756e-01	-2.715297357813987664e-02
3.634370000000000100e-01	-2.663901937069932876e-02
3.637500000000000178e-01	-2.612767083275834012e-02
3.640619999999999967e-01	-2.561586336164601782e-02
3.643750000000000044e-01	-2.510707367678912186e-02
3.646869999999999834e-01	-2.459823334087752472e-02
3.649999999999999911e-01	-2.409277063055798376e-02
3.653120000000000256e-01	-2.358761819773688706e-02
3.656249999999999778e-01	-2.308617299538236536e-02
3.659370000000000123e-01	-2.258537319111393604e-02
3.662500000000000200e-01	-2.208855533860568446e-02
3.665619999999999989e-01	-2.159267014390100006e-02
3.668750000000000067e-01	-2.110102275741823977e-02
3.671869999999999856e-01	-2.061058146187247711e-02
3.674999999999999933e-01	-2.012458093189225389e-02
3.678119999999999723e-01	-1.964000852391559193e-02
3.681249999999999800e-01	-1.916006606697352732e-02
3.684370000000000145e-01	-1.868176729743280251e-02
3.687500000000000222e-01	-1.820823981844654771e-02
3.690620000000000012e-01	-1.773652447742830179e-02
3.693750000000000089e-01	-1.726971767321884565e-02
3.696869999999999878e-01	-1.680489088060730177e-02
3.699999999999999956e-01	-1.634506234341952940e-02
3.703119999999999745e-01	-1.588733737178682492e-02
3.706249999999999822e-01	-1.543470279633189952e-02
3.709370000000000167e-01	-1.498430225865480386e-02
3.712500000000000244e-01	-1.453904009739145735e-02
3.715620000000000034e-01	-1.409609942953694156e-02
3.718750000000000111e-01	-1.365835554795347129e-02
3.721869999999999901e-01	-1.322303198006596035e-02
3.724999999999999978e-01	-1.279292586372169846e-02
3.728119999999999767e-01	-1.236530345944276792e-02
3.731249999999999845e-01	-1.194293131748944657e-02
3.734370000000000189e-01	-1.152312216167452642e-02
3.737500000000000266e-01	-1.110856313389817218e-02
3.740620000000000056e-01	-1.069661237183625567e-02
3.743750000000000133e-01	-1.028993008041800307e-02
3.746869999999999923e-01	-9.885923332484763265e-03
3.750000000000000000e-01	-9.487175192563474316e-03
3.753119999999999790e-01	-9.091142036706877094e-03
3.756249999999999867e-01	-8.700380808139939262e-03
3.759370000000000211e-01	-8.312402194533351218e-03
3.762499999999999734e-01	-7.929686844220174696e-03
3.765620000000000078e-01	-7.549795464279827027e-03
3.768750000000000155e-01	-7.175184959119917417e-03
3.771869999999999945e-01	-6.803474216891873712e-03
3.775000000000000022e-01	-6.437043041389865425e-03
3.778119999999999812e-01	-6.073561195631387716e-03
3.781249999999999889e-01	-5.715386937812816370e-03
3.784370000000000234e-01	-5.360247630113438265e-03
3.787499999999999756e-01	-5.010421843848412299e-03
3.790620000000000100e-01	-4.663692013774635610e-03
3.793750000000000178e-01	-4.322312459975483079e-03
3.796869999999999967e-01	-3.984119759723652419e-03
3.800000000000000044e-01	-3.651288854584206715e-03
3.803119999999999834e-01	-3.321712677593637118e-03
3.806249999999999911e-01	-2.997539044349650274e-03
3.809370000000000256e-01	-2.676719496689637483e-03
3.812499999999999778e-01	-2.361319517379473643e-03
3.815620000000000123e-01	-2.049345955587596625e-03
3.818750000000000200e-01	-1.742835857073634373e-03
3.821869999999999989e-01	-1.439855548195945537e-03
3.825000000000000067e-01	-1.142356678150256190e-03
3.828119999999999856e-01	-8.484627148861849941e-04
3.831249999999999933e-01	-5.600976623891573735e-04
3.834369999999999723e-01	-2.754443170883262592e-04
3.837499999999999800e-01	3.662777019098953425e-06
3.840620000000000145e-01	2.789821003104932490e-04
3.843750000000000222e-01	5.487078710676755126e-04
3.846870000000000012e-01	8.145381216329503071e-04
3.850000000000000089e-01	1.074759514431203366e-03
3.853119999999999878e-01	1.331009934672147590e-03
3.856249999999999956e-01	1.581605912191588791e-03
3.859369999999999745e-01	1.828124097839494734e-03
3.862499999999999822e-01	2.068976415929140670e-03
3.865620000000000167e-01	2.305678147669025686e-03
3.868750000000000244e-01	2.536672286403134514e-03
3.871870000000000034e-01	2.763411853922937908e-03
3.875000000000000111e-01	2.984437793481135772e-03
3.878119999999999901e-01	3.201141096237546373e-03
3.881249999999999978e-01	3.412095023841641740e-03
3.884369999999999767e-01	3.618627092987906132e-03
3.887499999999999845e-01	3.819410937373546484e-03
3.890620000000000189e-01	4.015711060279647526e-03
3.893750000000000266e-01	4.206234508985079446e-03
3.896870000000000056e-01	4.392182194431422035e-03
3.900000000000000133e-01	4.572363624853655224e-03
3.903119999999999923e-01	4.747915751305584707e-03
3.906250000000000000e-01	4.917682696228739200e-03
3.909369999999999790e-01	5.082736830582268786e-03
3.912499999999999867e-01	5.242026288529585097e-03
3.915620000000000211e-01	5.396558924099738655e-03
3.918749999999999734e-01	5.545317669685682037e-03
3.921870000000000078e-01	5.689244742830868416e-03
3.925000000000000155e-01	5.827427930176615894e-03
3.928119999999999945e-01	5.960743992327531028e-03
3.931250000000000022e-01	6.088315465413140712e-03
3.934369999999999812e-01	6.210952954309679509e-03
3.937499999999999889e-01	6.327884315917790825e-03
3.940620000000000234e-01	6.439854128698675045e-03
3.943749999999999756e-01	6.546124895590563035e-03
3.946870000000000100e-01	6.647374258969673128e-03
3.950000000000000178e-01	6.742970310124661235e-03
3.953119999999999967e-01	6.833523976174277897e-03
3.956250000000000044e-01	6.918437707965848643e-03
3.959369999999999834e-01	6.998255512946091085e-03
3.962499999999999911e-01	7.072485528789781810e-03
3.965620000000000256e-01	7.141604522972300195e-03
3.968749999999999778e-01	7.205154857445465397e-03
3.971870000000000123e-01	7.263546085575943098e-03
3.975000000000000200e-01	7.316425583713483463e-03
3.978119999999999989e-01	7.364135747815023399e-03
3.981250000000000067e-01	7.406358065109409222e-03
3.984369999999999856e-01	7.443367550332299042e-03
3.987499999999999933e-01	7.474950159606963233e-03
3.990619999999999723e-01	7.501313762991641126e-03
3.993749999999999800e-01	7.522277923365576664e-03
3.996870000000000145e-01	7.537983113202506233e-03
4.000000000000000222e-01	7.548352954551654226e-03
4.003120000000000012e-01	7.553460605371218987e-03
4.006250000000000089e-01	7.553266987556907230e-03
4.009369999999999878e-01	7.547777776538431085e-03
4.012499999999999956e-01	7.537048842289248082e-03
4.015619999999999745e-01	7.521019322469244331e-03
4.018749999999999822e-01	7.499782657431847653e-03
4.021870000000000167e-01	7.473210031359121992e-03
4.025000000000000244e-01	7.441495956933893464e-03
4.028120000000000034e-01	7.404445840950910421e-03
4.031250000000000111e-01	7.362287921717736335e-03
4.034369999999999901e-01	7.314759584159445313e-03
4.037499999999999978e-01	7.262189196715870647e-03
4.040619999999999767e-01	7.204248331761446342e-03
4.043749999999999845e-01	7.141298683782427298e-03
4.046870000000000189e-01	7.072944201717992416e-03
4.050000000000000266e-01	6.999645862885585552e-03
4.053120000000000056e-01	6.920941901156194703e-03
4.056250000000000133e-01	6.837326217032758426e-03
4.059369999999999923e-01	6.748269195149967682e-03
4.062500000000000000e-01	6.654363166368431996e-03
4.065619999999999790e-01	6.555013485615443850e-03
4.068749999999999867e-01	6.450845043864996027e-03
4.071870000000000211e-01	6.341195387591531778e-03
4.074999999999999734e-01	6.226786878223527534e-03
4.078120000000000078e-01	6.106891887796632792e-03
4.081250000000000155e-01	5.982265035458249683e-03
4.084369999999999945e-01	5.852111167291174955e-03
4.087500000000000022e-01	5.717281799939665995e-03
4.090619999999999812e-01	5.576916378749182529e-03
4.093749999999999889e-01	5.431898307053074915e-03
4.096870000000000234e-01	5.281299538561726181e-03
4.099999999999999756e-01	5.126100055795401039e-03
4.103120000000000100e-01	4.965306391335576851e-03
4.106250000000000178e-01	4.799929997604541164e-03
4.109369999999999967e-01	4.628909524127057355e-03
4.112500000000000044e-01	4.453352650382167224e-03
4.115619999999999834e-01	4.272132610733862454e-03
4.118749999999999911e-01	4.086388118876736406e-03
4.121870000000000256e-01	3.894924301809078292e-03
4.124999999999999778e-01	3.698976363882456805e-03
4.128120000000000123e-01	3.497283402696055657e-03
4.131250000000000200e-01	3.291111535461219411e-03
4.134369999999999989e-01	3.079131208300538419e-03
4.137500000000000067e-01	2.862705152427545089e-03
4.140619999999999856e-01	2.640437303619214224e-03
4.143749999999999933e-01	2.413721213440200158e-03
4.146869999999999723e-01	2.181091742440902613e-03
4.149999999999999800e-01	1.944039375492614919e-03
4.153120000000000145e-01	1.701031625247445599e-03
4.156250000000000222e-01	1.453589911320354606e-03
4.159370000000000012e-01	1.200111567496997978e-03
4.162500000000000089e-01	9.422159533538708269e-04
4.165619999999999878e-01	6.782321451084122321e-04
4.168749999999999956e-01	4.098104738854172705e-04
4.171869999999999745e-01	1.352088050156060391e-04
4.174999999999999822e-01	-1.438234942351540320e-04
4.178120000000000167e-01	-4.290979764431623032e-04
4.181250000000000244e-01	-7.188336990003488074e-04
4.184370000000000034e-01	-1.014914873679431109e-03
4.187500000000000111e-01	-1.315459539257730209e-03
4.190619999999999901e-01	-1.622421818298018948e-03
4.193749999999999978e-01	-1.933886532950135958e-03
4.196869999999999767e-01	-2.251880608212821194e-03
4.199999999999999845e-01	-2.574384547146067910e-03
4.203120000000000189e-01	-2.903496817373878418e-03
4.206250000000000266e-01	-3.237162569668744060e-03
4.209370000000000056e-01	-3.577551821740207992e-03
4.212500000000000133e-01	-3.922503528237524829e-03
4.215619999999999923e-01	-4.274258495996522897e-03
4.218750000000000000e-01	-4.630617194016268395e-03
4.221869999999999790e-01	-4.993895107607229482e-03
4.224999999999999867e-01	-5.361783386229839951e-03
4.228120000000000211e-01	-5.736666752560227317e-03
4.231249999999999734e-01	-6.116196338542629653e-03
4.234370000000000078e-01	-6.502833047352184204e-03
4.237500000000000155e-01	-6.894112563930125670e-03
4.240619999999999945e-01	-7.292566441317215736e-03
4.243750000000000022e-01	-7.695690545881852564e-03
4.246869999999999812e-01	-8.106092357511076804e-03
4.249999999999999889e-01	-8.521149500411655253e-03
4.253120000000000234e-01	-8.943538164635595963e-03
4.256249999999999756e-01	-9.370595071574196883e-03
4.259370000000000100e-01	-9.805071776109485979e-03
4.262500000000000178e-01	-1.024418275870395134e-02
4.265619999999999967e-01	-1.069075217375305142e-02
4.268750000000000044e-01	-1.114195292249507176e-02
4.271869999999999834e-01	-1.160068043089024399e-02
4.274999999999999911e-01	-1.206398491162450487e-02
4.278120000000000256e-01	-1.253483315174726796e-02
4.281249999999999778e-01	-1.301023050215026865e-02
4.284370000000000123e-01	-1.349321659807567117e-02
4.287500000000000200e-01	-1.398067267941607676e-02
4.290619999999999989e-01	-1.447570634056630744e-02
4.293750000000000067e-01	-1.497515442714201367e-02
4.296869999999999856e-01	-1.548219673516440693e-02
4.299999999999999933e-01	-1.599354682486581539e-02
4.303119999999999723e-01	-1.651244989002056268e-02
4.306249999999999800e-01	-1.703557318672517876e-02
4.309370000000000145e-01	-1.756623115109326103e-02
4.312500000000000222e-01	-1.810096937522900212e-02
4.315620000000000012e-01	-1.864316585277007998e-02
4.318750000000000089e-01	-1.918932037899122658e-02
4.321869999999999878e-01	-1.974287167508111812e-02
4.324999999999999956e-01	-2.030019577346638820e-02
4.328119999999999745e-01	-2.086478587108214072e-02
4.331249999999999822e-01	-2.143295677544507227e-02
4.334370000000000167e-01	-2.200824319308397614e-02
4.337500000000000244e-01	-2.258682951400238850e-02
4.340620000000000034e-01	-2.317228140533525091e-02
4.343750000000000111e-01	-2.376071054318007469e-02
4.346869999999999901e-01	-2.435570054436330539e-02
4.349999999999999978e-01	-2.495322299880741584e-02
4.353119999999999767e-01	-2.555686999833860912e-02
4.356249999999999845e-01	-2.616252678138573581e-02
4.359370000000000189e-01	-2.677377531354288923e-02
4.362500000000000266e-01	-2.738636536255694559e-02
4.365620000000000056e-01	-2.800385639846797448e-02
4.368750000000000133e-01	-2.862190554096252088e-02
4.371869999999999923e-01	-2.924402474736239113e-02
4.375000000000000000e-01	-2.986574535522791909e-02
4.378119999999999790e-01	-3.049052346347607897e-02
4.381249999999999867e-01	-3.111378962481135824e-02
4.384370000000000211e-01	-3.173891177129632701e-02
4.387499999999999734e-01	-3.236122049639594822e-02
4.390620000000000078e-01	-3.298397796377802033e-02
4.393750000000000155e-01	-3.360241504640062993e-02
4.396869999999999945e-01	-3.421965389138693914e-02
4.400000000000000022e-01	-3.483086442530586996e-02
4.403119999999999812e-01	-3.543900727292712688e-02
4.406249999999999889e-01	-3.603915685791775347e-02
4.409370000000000234e-01	-3.663407057912992926e-02
4.412499999999999756e-01	-3.721881583751977113e-02
4.415620000000000100e-01	-3.779592052059112944e-02
4.418750000000000178e-01	-3.836037030324680047e-02
4.421869999999999967e-01	-3.891441041384510052e-02
4.425000000000000044e-01	-3.945310097200436378e-02
4.428119999999999834e-01	-3.997839910085509985e-02
4.431249999999999911e-01	-4.048535770830805069e-02
4.434370000000000256e-01	-4.097565889778451848e-02
4.437499999999999778e-01	-4.144466609839982107e-02
4.440620000000000123e-01	-4.189384304307171986e-02
4.443750000000000200e-01	-4.231873834761734621e-02
4.446869999999999989e-01	-4.272062015349969988e-02
4.450000000000000067e-01	-4.309562480582954797e-02
4.453119999999999856e-01	-4.344487810188468746e-02
4.456249999999999933e-01	-4.376489736188639984e-02
4.459369999999999723e-01	-4.405670545712558200e-02
4.462499999999999800e-01	-4.431766052229382108e-02
4.465620000000000145e-01	-4.454874213257429411e-02
4.468750000000000222e-01	-4.474787257613462715e-02
4.471870000000000012e-01	-4.491602087519168396e-02
4.475000000000000089e-01	-4.505209289236106890e-02
4.478119999999999878e-01	-4.515701396879602536e-02
4.481249999999999956e-01	-4.523022758150447437e-02
4.484369999999999745e-01	-4.527256562745659435e-02
4.487499999999999822e-01	-4.528435045714603729e-02
4.490620000000000167e-01	-4.526627098315691433e-02
4.493750000000000244e-01	-4.521907154919685423e-02
4.496870000000000034e-01	-4.514326887281561868e-02
4.500000000000000111e-01	-4.504033268408760837e-02
4.503119999999999901e-01	-4.491056317357061678e-02
4.506249999999999978e-01	-4.475572369924306348e-02
4.509369999999999767e-01	-4.457588183629632855e-02
4.512499999999999845e-01	-4.437334496806047412e-02
4.515620000000000189e-01	-4.414790605188390754e-02
4.518750000000000266e-01	-4.390203115054559790e-02
4.521870000000000056e-01	-4.363522716279875230e-02
4.525000000000000133e-01	-4.335031353603212984e-02
4.528119999999999923e-01	-4.304648060388611974e-02
4.531250000000000000e-01	-4.272660069197836002e-02
4.534369999999999790e-01	-4.238957865577214212e-02
4.537499999999999867e-01	-4.203853628926591118e-02
4.540620000000000211e-01	-4.167210754585005256e-02
4.543749999999999734e-01	-4.129344694575427799e-02
4.546870000000000078e-01	-4.090095535998255344e-02
4.550000000000000155e-01	-4.049797401738493285e-02
4.553119999999999945e-01	-4.008268250393753201e-02
4.556250000000000022e-01	-3.965843738704643434e-02
4.559369999999999812e-01	-3.922323057421665815e-02
4.562499999999999889e-01	-3.878055209420559063e-02
4.565620000000000234e-01	-3.832821497930408855e-02
4.568749999999999756e-01	-3.786971319735384783e-02
4.571870000000000100e-01	-3.740271164720020136e-02
4.575000000000000178e-01	-3.693079179210419921e-02
4.578119999999999967e-01	-3.645148114539639023e-02
4.581250000000000044e-01	-3.596835602764458795e-02
4.584369999999999834e-01	-3.547882697828330656e-02
4.587499999999999911e-01	-3.498652009358302339e-02
4.590620000000000256e-01	-3.448874191020883523e-02
4.593749999999999778e-01	-3.398910450885059970e-02
4.596870000000000123e-01	-3.348483007406379691e-02
4.600000000000000200e-01	-3.297955357500559348e-02
4.603119999999999989e-01	-3.247041901634848543e-02
4.606250000000000067e-01	-3.196103966249710243e-02
4.609369999999999856e-01	-3.144850208309037803e-02
4.612499999999999933e-01	-3.093641801066687388e-02
4.615619999999999723e-01	-3.042182087204160779e-02
4.618749999999999800e-01	-2.990829986938415425e-02
4.621870000000000145e-01	-2.939285119720442749e-02
4.625000000000000222e-01	-2.887904311885219899e-02
4.628120000000000012e-01	-2.836384196739488023e-02
4.631250000000000089e-01	-2.785078959641200044e-02
4.634369999999999878e-01	-2.733683538897135543e-02
4.637499999999999956e-01	-2.682548685103045699e-02
4.640619999999999745e-01	-2.631367937991813469e-02
4.643749999999999822e-01	-2.580488969506123872e-02
4.646870000000000167e-01	-2.529604935914964159e-02
4.650000000000000244e-01	-2.479058664883000696e-02
4.653120000000000034e-01	-2.428543421600891372e-02
4.656250000000000111e-01	-2.378398901365448570e-02
4.659369999999999901e-01	-2.328318920938596617e-02
4.662499999999999978e-01	-2.278637135687780479e-02
4.665619999999999767e-01	-2.229048616217311693e-02
4.668749999999999845e-01	-2.179883877569036010e-02
4.671870000000000189e-01	-2.130839748014459745e-02
4.675000000000000266e-01	-2.082239695016428749e-02
4.678120000000000056e-01	-2.033782454218762553e-02
4.681250000000000133e-01	-1.985788208524556439e-02
4.684369999999999923e-01	-1.937958331570483958e-02
4.687500000000000000e-01	-1.890605583671867151e-02
4.690619999999999790e-01	-1.843434049570042560e-02
4.693749999999999867e-01	-1.796753369149097293e-02
4.696870000000000211e-01	-1.750270689887942557e-02
4.699999999999999734e-01	-1.704287836169157341e-02
4.703120000000000078e-01	-1.658515339005895220e-02
4.706250000000000155e-01	-1.613251881460393139e-02
4.709369999999999945e-01	-1.568211827692683746e-02
4.712500000000000022e-01	-1.523685611566357075e-02
4.715619999999999812e-01	-1.479391544780904975e-02
4.718749999999999889e-01	-1.435617156622557948e-02
4.721870000000000234e-01	-1.392084799833806855e-02
4.724999999999999756e-01	-1.349074188199372686e-02
4.728120000000000100e-01	-1.306311947771487091e-02
4.731250000000000178e-01	-1.264074733576146629e-02
4.734369999999999967e-01	-1.222093817994654615e-02
4.737500000000000044e-01	-1.180637915217026129e-02
4.740619999999999834e-01	-1.139442839010834478e-02
4.743749999999999911e-01	-1.098774609869009218e-02
4.746870000000000256e-01	-1.058373935075685238e-02
4.749999999999999778e-01	-1.018499121083549404e-02
4.753120000000000123e-01	-9.788958054978967940e-03
4.756250000000000200e-01	-9.398196826411958985e-03
4.759369999999999989e-01	-9.010218212805369206e-03
4.762500000000000067e-01	-8.627502862492263808e-03
4.765619999999999856e-01	-8.247611482551851086e-03
4.768749999999999933e-01	-7.873000977392012600e-03
4.771869999999999723e-01	-7.501290235163968027e-03
4.774999999999999800e-01	-7.134859059661960608e-03
4.778120000000000145e-01	-6.771377213903482031e-03
4.781250000000000222e-01	-6.413202956084835225e-03
4.784370000000000012e-01	-6.058063648385457987e-03
4.787500000000000089e-01	-5.708237862120497073e-03
4.790619999999999878e-01	-5.361508032046660537e-03
4.793749999999999956e-01	-5.020128478247566986e-03
4.796869999999999745e-01	-4.681935777995736327e-03
4.799999999999999822e-01	-4.349104872856290188e-03
4.803120000000000167e-01	-4.019528695865721458e-03
4.806250000000000244e-01	-3.695355062621693849e-03
4.809370000000000034e-01	-3.374535514961681058e-03
4.812500000000000111e-01	-3.059135535651570995e-03
4.815619999999999901e-01	-2.747161973859640199e-03
4.818749999999999978e-01	-2.440651875345731942e-03
4.821869999999999767e-01	-2.137671566468042888e-03
4.824999999999999845e-01	-1.840172696422353758e-03
4.828120000000000189e-01	-1.546278733158282454e-03
4.831250000000000266e-01	-1.257913680661206261e-03
4.834370000000000056e-01	-9.732603353603752009e-04
4.837500000000000133e-01	-6.941532412529499967e-04
4.840619999999999923e-01	-4.188339179615556927e-04
4.843750000000000000e-01	-1.491081472044219201e-04
4.846869999999999790e-01	1.167221033608528745e-04
4.849999999999999867e-01	3.769434961591058516e-04
4.853120000000000211e-01	6.331939164000501300e-04
4.856249999999999734e-01	8.837898939195370845e-04
4.859370000000000078e-01	1.130308079567399985e-03
4.862500000000000155e-01	1.371160397657083651e-03
4.865619999999999945e-01	1.607862129396968884e-03
4.868750000000000022e-01	1.838856268131034127e-03
4.871869999999999812e-01	2.065595835650837521e-03
4.874999999999999889e-01	2.286621775209035819e-03
4.878120000000000234e-01	2.503325077965445986e-03
4.881249999999999756e-01	2.714279005569579083e-03
4.884370000000000100e-01	2.920811074715811383e-03
4.887500000000000178e-01	3.121594919101484261e-03
4.890619999999999967e-01	3.317895042007584869e-03
4.893750000000000044e-01	3.508418490712979492e-03
4.896869999999999834e-01	3.694366176159322081e-03
4.899999999999999911e-01	3.874547606581554837e-03
4.903120000000000256e-01	4.050099733033484320e-03
4.906249999999999778e-01	4.219866677956671773e-03
4.909370000000000123e-01	4.384920812310163195e-03
4.912500000000000200e-01	4.544210270257506394e-03
4.915619999999999989e-01	4.698742905827665156e-03
4.918750000000000067e-01	4.847501651413581650e-03
4.921869999999999856e-01	4.991428724558800122e-03
4.924999999999999933e-01	5.129611911904520712e-03
4.928119999999999723e-01	5.262927974055441049e-03
4.931249999999999800e-01	5.390499447141035121e-03
4.934370000000000145e-01	5.513136936037573918e-03
4.937500000000000222e-01	5.630068297645706918e-03
4.940620000000000012e-01	5.742038110426591138e-03
4.943750000000000089e-01	5.848308877318462648e-03
4.946869999999999878e-01	5.949558240697594425e-03
4.949999999999999956e-01	6.045154291852566919e-03
4.953119999999999745e-01	6.135707957902183582e-03
4.956249999999999822e-01	6.220621689693753460e-03
4.959370000000000167e-01	6.300439494673996770e-03
4.962500000000000244e-01	6.374669510517697903e-03
4.965620000000000034e-01	6.443788504700227564e-03
4.968750000000000111e-01	6.507338839173371081e-03
4.971869999999999901e-01	6.565730067303847915e-03
4.974999999999999978e-01	6.618609565441377872e-03
4.978119999999999767e-01	6.666319729542928216e-03
4.981249999999999845e-01	6.708542046837357407e-03
4.984370000000000189e-01	6.745551532060236818e-03
4.987500000000000266e-01	6.777134141334911419e-03
4.990620000000000056e-01	6.803497744719589312e-03
4.993750000000000133e-01	6.824461905093524849e-03
4.996869999999999923e-01	6.840167094930465694e-03
5.000000000000000000e-01	6.850536936279602411e-03
