# T 	 Position
6.250000000000000130e-04	0.000000000000000000e+00
9.374999999999999653e-04	1.024750424017320354e-02
1.250000000000000026e-03	1.023734210500245982e-02
1.562500000000000087e-03	1.022165555320187456e-02
1.874999999999999931e-03	1.020057997525440630e-02
2.187500000000000208e-03	1.017418989731844886e-02
2.500000000000000052e-03	1.014254257786481248e-02
2.812499999999999896e-03	1.010566028925741558e-02
3.125000000000000173e-03	1.006353801127745327e-02
3.437500000000000017e-03	1.001618553568296016e-02
3.749999999999999861e-03	9.963630994350205702e-03
4.062500000000000139e-03	9.905883091064111856e-03
4.375000000000000416e-03	9.842932500340833418e-03
4.687499999999999827e-03	9.774786371717981634e-03
5.000000000000000104e-03	9.701469884001943586e-03
5.312500000000000382e-03	9.622992207251830632e-03
5.624999999999999792e-03	9.539342150887027832e-03
5.937500000000000069e-03	9.450525931896767637e-03
6.250000000000000347e-03	9.356569039936892679e-03
6.562499999999999757e-03	9.257478779969748051e-03
6.875000000000000035e-03	9.153243028866334813e-03
7.187500000000000312e-03	9.043866915642767568e-03
7.499999999999999722e-03	8.929374375707581704e-03
7.812500000000000000e-03	8.809771470625277559e-03
8.125000000000000278e-03	8.685044523019548948e-03
8.437500000000000555e-03	8.555196952234471117e-03
8.750000000000000833e-03	8.420250828581813188e-03
9.062499999999999375e-03	8.280210193104571917e-03
9.374999999999999653e-03	8.135059503329674854e-03
9.687499999999999931e-03	7.984799847230234643e-03
1.000000000000000021e-02	7.829451119171788182e-03
1.031250000000000049e-02	7.669015028826375695e-03
1.062500000000000076e-02	7.503473236075768396e-03
1.093749999999999931e-02	7.332824342097386816e-03
1.124999999999999958e-02	7.157085443611615853e-03
1.156249999999999986e-02	6.976255452645339396e-03
1.187500000000000014e-02	6.790313076010443677e-03
1.218750000000000042e-02	6.599253650965007829e-03
1.250000000000000069e-02	6.403091165734797925e-03
1.281249999999999924e-02	6.201821113002623474e-03
1.312499999999999951e-02	5.995418624811563353e-03
1.343749999999999979e-02	5.783875619075618847e-03
1.375000000000000007e-02	5.567202198402288783e-03
1.406250000000000035e-02	5.345389969856111957e-03
1.437500000000000062e-02	5.118410335286631245e-03
1.468749999999999917e-02	4.886251016140116463e-03
1.499999999999999944e-02	4.648918073981068814e-03
1.531249999999999972e-02	4.406398919406293024e-03
1.562500000000000000e-02	4.158660291523410234e-03
1.593750000000000028e-02	3.905685404461501503e-03
1.625000000000000056e-02	3.647475812467872343e-03
1.656250000000000083e-02	3.384014107972679267e-03
1.687500000000000111e-02	3.115261901067425780e-03
1.718750000000000139e-02	2.841197432289807416e-03
1.750000000000000167e-02	2.561817437720477573e-03
1.781249999999999847e-02	2.277099380773478163e-03
1.812499999999999875e-02	1.986999120825279179e-03
1.843749999999999903e-02	1.691489613972722069e-03
1.874999999999999931e-02	1.390562778129811588e-03
1.906249999999999958e-02	1.084191413968666178e-03
1.937499999999999986e-02	7.723265626990988416e-04
1.968750000000000014e-02	4.549383827728054226e-04
2.000000000000000042e-02	1.320170824317485811e-04
2.031250000000000069e-02	-1.964684232702220844e-04
2.062500000000000097e-02	-5.305694244942549005e-04
2.093750000000000125e-02	-8.703170061864998891e-04
2.125000000000000153e-02	-1.215722048078109662e-03
2.156249999999999833e-02	-1.566814080867927079e-03
2.187499999999999861e-02	-1.923644394717096643e-03
2.218749999999999889e-02	-2.286244074571776048e-03
2.249999999999999917e-02	-2.654622445915807028e-03
2.281249999999999944e-02	-3.028807485200724330e-03
2.312499999999999972e-02	-3.408845819845750941e-03
2.343750000000000000e-02	-3.794765426302428111e-03
2.375000000000000028e-02	-4.186572521559982218e-03
2.406250000000000056e-02	-4.584290419328027576e-03
2.437500000000000083e-02	-4.987962638531173547e-03
2.468750000000000111e-02	-5.397610938631725030e-03
2.500000000000000139e-02	-5.813233765382375649e-03
2.531250000000000167e-02	-6.234846661256199588e-03
2.562499999999999847e-02	-6.662486928188578530e-03
2.593749999999999875e-02	-7.096170108652581458e-03
2.624999999999999903e-02	-7.535885322917066330e-03
2.656249999999999931e-02	-7.981640342218565901e-03
2.687499999999999958e-02	-8.433463143008612314e-03
2.718749999999999986e-02	-8.891358388029133378e-03
2.750000000000000014e-02	-9.355305872065127967e-03
2.781250000000000042e-02	-9.825302486621981593e-03
2.812500000000000069e-02	-1.030136221992546119e-02
2.843750000000000097e-02	-1.078347730073903228e-02
2.875000000000000125e-02	-1.127161508986923404e-02
2.906250000000000153e-02	-1.176575849059568503e-02
2.937499999999999833e-02	-1.226590905716569424e-02
2.968749999999999861e-02	-1.277204347586963912e-02
2.999999999999999889e-02	-1.328411356504100201e-02
3.031249999999999917e-02	-1.380208823973362413e-02
3.062499999999999944e-02	-1.432595195747442610e-02
3.093749999999999972e-02	-1.485566430783342301e-02
3.125000000000000000e-02	-1.539116001242369323e-02
3.156250000000000028e-02	-1.593238933533139626e-02
3.187500000000000056e-02	-1.647931808311576748e-02
3.218750000000000083e-02	-1.703188564013181569e-02
3.250000000000000111e-02	-1.759000341428300709e-02
3.281250000000000139e-02	-1.815359058470935455e-02
3.312500000000000167e-02	-1.872257254754009642e-02
3.343750000000000194e-02	-1.929684205971101546e-02
3.375000000000000222e-02	-1.987625613046981737e-02
3.406250000000000250e-02	-2.046067332331151858e-02
3.437500000000000278e-02	-2.104994598474190307e-02
3.468750000000000305e-02	-2.164388605083676642e-02
3.500000000000000333e-02	-2.224226660148920579e-02
3.531249999999999667e-02	-2.284484828261386727e-02
3.562499999999999695e-02	-2.345137619765231413e-02
3.593749999999999722e-02	-2.406155037687420298e-02
3.624999999999999750e-02	-2.467502266888263809e-02
3.656249999999999778e-02	-2.529142627131305762e-02
3.687499999999999806e-02	-2.591036485110203777e-02
3.718749999999999833e-02	-2.653139233927231944e-02
3.749999999999999861e-02	-2.715401137668550444e-02
3.781249999999999889e-02	-2.777769041076241091e-02
3.812499999999999917e-02	-2.840185436999927149e-02
3.843749999999999944e-02	-2.902587844697844879e-02
3.874999999999999972e-02	-2.964908498987387300e-02
3.906250000000000000e-02	-3.027074661094562510e-02
3.937500000000000028e-02	-3.089007530680878966e-02
3.968750000000000056e-02	-3.150623022967000836e-02
4.000000000000000083e-02	-3.211832079582206678e-02
4.031250000000000111e-02	-3.272539114317083581e-02
4.062500000000000139e-02	-3.332640148026759508e-02
4.093750000000000167e-02	-3.392026538824438608e-02
4.125000000000000194e-02	-3.450584826656672571e-02
4.156250000000000222e-02	-3.508193158534551881e-02
4.187500000000000250e-02	-3.564718646313282807e-02
4.218750000000000278e-02	-3.620024205380343446e-02
4.250000000000000305e-02	-3.673969642628595322e-02
4.281250000000000333e-02	-3.726405594891785827e-02
4.312499999999999667e-02	-3.777172751820895291e-02
4.343749999999999695e-02	-3.826114600712053615e-02
4.374999999999999722e-02	-3.873080535001165864e-02
4.406249999999999750e-02	-3.917916528780055613e-02
4.437499999999999778e-02	-3.960464359672817569e-02
4.468749999999999806e-02	-4.000578550131468625e-02
4.499999999999999833e-02	-4.038129165081099509e-02
4.531249999999999861e-02	-4.072988756242493930e-02
4.562499999999999889e-02	-4.105032082367612162e-02
4.593749999999999917e-02	-4.134156407709427272e-02
4.624999999999999944e-02	-4.160283802307940260e-02
4.656249999999999972e-02	-4.183345024445601218e-02
4.687500000000000000e-02	-4.203280018006447932e-02
4.718750000000000028e-02	-4.220058117691102145e-02
4.750000000000000056e-02	-4.233677194180754388e-02
4.781250000000000083e-02	-4.244142500831302872e-02
4.812500000000000111e-02	-4.251465616785189000e-02
4.843750000000000139e-02	-4.255682785535375851e-02
4.875000000000000167e-02	-4.256853219241538144e-02
4.906250000000000194e-02	-4.255038131933883833e-02
4.937500000000000222e-02	-4.250300661800784918e-02
4.968750000000000250e-02	-4.242722633745993344e-02
5.000000000000000278e-02	-4.232402571506332922e-02
5.031250000000000305e-02	-4.219436294428311612e-02
5.062500000000000333e-02	-4.203917554709519361e-02
5.093749999999999667e-02	-4.185952212134070455e-02
5.124999999999999695e-02	-4.165656120296268305e-02
5.156249999999999722e-02	-4.143138216389896655e-02
5.187499999999999750e-02	-4.118501360501766045e-02
5.218749999999999778e-02	-4.091853712702007290e-02
5.249999999999999806e-02	-4.063306759149988567e-02
5.281249999999999833e-02	-4.032961898940053136e-02
5.312499999999999861e-02	-4.000912542335381683e-02
5.343749999999999889e-02	-3.967254228917967834e-02
5.374999999999999917e-02	-3.932083788295070298e-02
5.406249999999999944e-02	-3.895489501713755159e-02
5.437499999999999972e-02	-3.857552967157668045e-02
5.468750000000000000e-02	-3.818356715158837539e-02
5.500000000000000028e-02	-3.777984053372946543e-02
5.531250000000000056e-02	-3.736511295342794664e-02
5.562500000000000083e-02	-3.694008848471411893e-02
5.593750000000000111e-02	-3.650547741860751816e-02
5.625000000000000139e-02	-3.606199004612769404e-02
5.656250000000000167e-02	-3.561027448840185794e-02
5.687500000000000194e-02	-3.515093690187996028e-02
5.718750000000000222e-02	-3.468458188876461651e-02
5.750000000000000250e-02	-3.421180628002192664e-02
5.781250000000000278e-02	-3.373316183344604591e-02
5.812500000000000305e-02	-3.324916300489576260e-02
5.843750000000000333e-02	-3.276031647899332877e-02
5.874999999999999667e-02	-3.226712116912446721e-02
5.906249999999999695e-02	-3.177003868673950598e-02
5.937499999999999722e-02	-3.126950266683723584e-02
5.968749999999999750e-02	-3.076593586468530372e-02
5.999999999999999778e-02	-3.025975015582019895e-02
6.031249999999999806e-02	-2.975132788507958703e-02
6.062499999999999833e-02	-2.924103274633341187e-02
6.093749999999999861e-02	-2.872921599947317675e-02
6.124999999999999889e-02	-2.821621180766999831e-02
6.156249999999999917e-02	-2.770233568312729933e-02
6.187499999999999944e-02	-2.718789070407005501e-02
6.218749999999999972e-02	-2.667316596049744762e-02
6.250000000000000000e-02	-2.615843499993561819e-02
6.281249999999999334e-02	-2.564395738168491132e-02
6.312500000000000056e-02	-2.512998489380915620e-02
6.343749999999999389e-02	-2.461675533614637867e-02
6.375000000000000111e-02	-2.410448941181428037e-02
6.406249999999999445e-02	-2.359339849844664314e-02
6.437500000000000167e-02	-2.308369241943002831e-02
6.468749999999999500e-02	-2.257556545567782763e-02
6.500000000000000222e-02	-2.206919323713583611e-02
6.531249999999999556e-02	-2.156474673100783682e-02
6.562500000000000278e-02	-2.106239690449770302e-02
6.593749999999999611e-02	-2.056229762808883463e-02
6.625000000000000333e-02	-2.006458412129702440e-02
6.656249999999999667e-02	-1.956939160363798877e-02
6.687500000000000389e-02	-1.907685684887482774e-02
6.718749999999999722e-02	-1.858709953405018531e-02
6.750000000000000444e-02	-1.810022068523908095e-02
6.781249999999999778e-02	-1.761632132851646826e-02
6.812500000000000500e-02	-1.713550870694660958e-02
6.843749999999999833e-02	-1.665787452112060460e-02
6.875000000000000555e-02	-1.618348871216732793e-02
6.906249999999999889e-02	-1.571242743820481375e-02
6.937500000000000611e-02	-1.524477307434039981e-02
6.968749999999999944e-02	-1.478058934471365195e-02
7.000000000000000666e-02	-1.431992443099114505e-02
7.031250000000000000e-02	-1.386283117758129596e-02
7.062499999999999334e-02	-1.340937020012913407e-02
7.093750000000000056e-02	-1.295958812605386631e-02
7.124999999999999389e-02	-1.251351293180701096e-02
7.156250000000000111e-02	-1.207118036507667802e-02
7.187499999999999445e-02	-1.163263549903474463e-02
7.218750000000000167e-02	-1.119790786438009528e-02
7.249999999999999500e-02	-1.076701300358576426e-02
7.281250000000000222e-02	-1.033997423036140534e-02
7.312499999999999556e-02	-9.916825738147743222e-03
7.343750000000000278e-02	-9.497587732159817192e-03
7.374999999999999611e-02	-9.082264875139507351e-03
7.406250000000000333e-02	-8.670871155312622272e-03
7.437499999999999667e-02	-8.263436103377966649e-03
7.468750000000000389e-02	-7.859975261808652830e-03
7.499999999999999722e-02	-7.460488630604643519e-03
7.531250000000000444e-02	-7.064988643744436574e-03
7.562499999999999778e-02	-6.673501723432222199e-03
7.593750000000000500e-02	-6.286043412141112743e-03
7.624999999999999833e-02	-5.902615264118378155e-03
7.656250000000000555e-02	-5.523231267589821802e-03
7.687499999999999889e-02	-5.147920953254253584e-03
7.718750000000000611e-02	-4.776704526326703247e-03
7.749999999999999944e-02	-4.409586649549060433e-03
7.781250000000000666e-02	-4.046585973889048511e-03
7.812500000000000000e-02	-3.687738247034709829e-03
7.843749999999999334e-02	-3.333066782695689057e-03
7.875000000000000056e-02	-2.982580906355810583e-03
7.906249999999999389e-02	-2.636303931724675274e-03
7.937500000000000111e-02	-2.294276269232311399e-03
7.968749999999999445e-02	-1.956524341082910463e-03
8.000000000000000167e-02	-1.623060581254970108e-03
8.031249999999999500e-02	-1.293911411952682056e-03
8.062500000000000222e-02	-9.691187978533706516e-04
8.093749999999999556e-02	-6.487122696558629250e-04
8.125000000000000278e-02	-3.327073698332692181e-04
8.156249999999999611e-02	-2.113238568654876920e-05
8.187500000000000333e-02	2.859686975854692581e-04
8.218749999999999667e-02	5.885643287624685001e-04
8.250000000000000389e-02	8.866392762208099437e-04
8.281249999999999722e-02	1.180163387562751121e-03
8.312500000000000444e-02	1.469090190793769825e-03
8.343749999999999778e-02	1.753388134693555393e-03
8.375000000000000500e-02	2.033041987638462954e-03
8.406249999999999833e-02	2.308021286381290588e-03
8.437500000000000555e-02	2.578278937228600104e-03
8.468749999999999889e-02	2.843783855234263518e-03
8.500000000000000611e-02	3.104521585898295001e-03
8.531249999999999944e-02	3.360462287672417395e-03
8.562500000000000666e-02	3.611559643986820764e-03
8.593750000000000000e-02	3.857783502443804923e-03
8.624999999999999334e-02	4.099121118215391310e-03
8.656250000000000056e-02	4.335544359425349062e-03
8.687499999999999389e-02	4.567008308326483274e-03
8.718750000000000111e-02	4.793485143891973964e-03
8.749999999999999445e-02	5.014964918939083041e-03
8.781250000000000167e-02	5.231421832962472422e-03
8.812499999999999500e-02	5.442813455010679646e-03
8.843750000000000222e-02	5.649114917126744559e-03
8.874999999999999556e-02	5.850319846896738160e-03
8.906250000000000278e-02	6.046406174008874847e-03
8.937499999999999611e-02	6.237334731431021413e-03
8.968750000000000333e-02	6.423084692249243950e-03
8.999999999999999667e-02	6.603654346791517846e-03
9.031250000000000389e-02	6.779025821213790701e-03
9.062499999999999722e-02	6.949164455801109391e-03
9.093750000000000444e-02	7.114054241806209468e-03
9.124999999999999778e-02	7.273698287723714961e-03
9.156250000000000500e-02	7.428083693300957698e-03
9.187499999999999833e-02	7.577180461564922767e-03
9.218750000000000555e-02	7.720976935660766802e-03
9.249999999999999889e-02	7.859480886825071996e-03
9.281250000000000611e-02	7.992683766697617279e-03
9.312499999999999944e-02	8.120559463923645444e-03
9.343750000000000666e-02	8.243100518116079287e-03
9.375000000000000000e-02	8.360318896979192574e-03
9.406249999999999334e-02	8.472209626921590672e-03
9.437500000000000056e-02	8.578750326782057581e-03
9.468749999999999389e-02	8.679937266367039952e-03
9.500000000000000111e-02	8.775785832724890267e-03
9.531249999999999445e-02	8.866294471608306485e-03
9.562500000000000167e-02	8.951444065775415737e-03
9.593749999999999500e-02	9.031233838102536646e-03
9.625000000000000222e-02	9.105682128707902334e-03
9.656249999999999556e-02	9.174790336414108752e-03
9.687500000000000278e-02	9.238542141624415949e-03
9.718749999999999611e-02	9.296939409435583251e-03
9.750000000000000333e-02	9.350002966761552375e-03
9.781249999999999667e-02	9.397736699220577555e-03
9.812500000000000389e-02	9.440126463162166678e-03
9.843749999999999722e-02	9.477176299629318235e-03
9.875000000000000444e-02	9.508909040514972738e-03
9.906249999999999778e-02	9.535330250024497481e-03
9.937500000000000500e-02	9.556427727316530937e-03
9.968749999999999833e-02	9.572207223106104015e-03
1.000000000000000056e-01	9.582693076906061147e-03
1.003119999999999984e-01	9.587892289046259786e-03
1.006250000000000061e-01	9.587798224427549268e-03
1.009369999999999989e-01	9.582408558771318002e-03
1.012500000000000067e-01	9.571778859606860923e-03
1.015619999999999995e-01	9.555849219846923592e-03
1.018749999999999933e-01	9.534712100246348424e-03
1.021870000000000001e-01	9.508239027319538919e-03
1.024999999999999939e-01	9.476624312119874549e-03
1.028120000000000006e-01	9.439674294139730262e-03
1.031249999999999944e-01	9.397615997931400497e-03
1.034370000000000012e-01	9.350187135682317199e-03
1.037499999999999950e-01	9.297715905735446512e-03
1.040620000000000017e-01	9.239874983110451037e-03
1.043749999999999956e-01	9.177025113332324541e-03
1.046870000000000023e-01	9.108770262250504707e-03
1.049999999999999961e-01	9.035571080914812231e-03
1.053120000000000028e-01	8.956966905841433346e-03
1.056249999999999967e-01	8.873450689566814847e-03
1.059370000000000034e-01	8.784493298666628744e-03
1.062499999999999972e-01	8.690686737733890888e-03
1.065620000000000039e-01	8.591437154983751906e-03
1.068749999999999978e-01	8.487368336258143200e-03
1.071870000000000045e-01	8.377818155293885807e-03
1.074999999999999983e-01	8.263508803422589880e-03
1.078120000000000051e-01	8.143713755325110090e-03
1.081249999999999989e-01	8.019186526011603394e-03
1.084370000000000056e-01	7.889132133153736390e-03
1.087499999999999994e-01	7.754401923298920134e-03
1.090620000000000062e-01	7.614136444437867232e-03
1.093750000000000000e-01	7.469218150942656502e-03
1.096870000000000067e-01	7.318719013433923684e-03
1.100000000000000006e-01	7.163618843340369829e-03
1.103119999999999934e-01	7.002925121209944113e-03
1.106250000000000011e-01	6.837648195327743553e-03
1.109369999999999939e-01	6.666727197159456192e-03
1.112500000000000017e-01	6.491269480911263969e-03
1.115619999999999945e-01	6.310149227918976367e-03
1.118750000000000022e-01	6.124504359086699844e-03
1.121869999999999951e-01	5.933140173001646804e-03
1.125000000000000028e-01	5.737291547747813518e-03
1.128119999999999956e-01	5.535698528890799566e-03
1.131250000000000033e-01	5.329626129504798013e-03
1.134369999999999962e-01	5.117745433326721660e-03
1.137500000000000039e-01	4.901418690126473597e-03
1.140619999999999967e-01	4.679250783647567226e-03
1.143750000000000044e-01	4.452634316493403119e-03
1.146869999999999973e-01	4.220104320803302021e-03
1.150000000000000050e-01	3.983151111351712452e-03
1.153119999999999978e-01	3.740243147762560734e-03
1.156250000000000056e-01	3.492900901684288604e-03
1.159369999999999984e-01	3.239522033170128424e-03
1.162500000000000061e-01	2.981725576523693976e-03
1.165619999999999989e-01	2.717841554934252984e-03
1.168750000000000067e-01	2.449519351560055635e-03
1.171869999999999995e-01	2.175017157999435159e-03
1.174999999999999933e-01	1.896084171421425586e-03
1.178120000000000001e-01	1.610909631542853165e-03
1.181249999999999939e-01	1.321273376834510190e-03
1.184370000000000006e-01	1.025291833138048140e-03
1.187499999999999944e-01	7.248464802324807539e-04
1.190620000000000012e-01	4.179839878482200801e-04
1.193749999999999950e-01	1.066187410448843522e-04
1.196870000000000017e-01	-2.112757032351803466e-04
1.199999999999999956e-01	-5.336803294956985475e-04
1.203120000000000023e-01	-8.626929687408886951e-04
1.206249999999999961e-01	-1.196259408362974159e-03
1.209370000000000028e-01	-1.536549029451817839e-03
1.212499999999999967e-01	-1.881401423276405889e-03
1.215620000000000034e-01	-2.233056760052780886e-03
1.218749999999999972e-01	-2.589316145399805404e-03
1.221870000000000039e-01	-2.952494428008140600e-03
1.224999999999999978e-01	-3.320283393958027920e-03
1.228120000000000045e-01	-3.695067129305799804e-03
1.231249999999999983e-01	-4.074497402615398327e-03
1.234370000000000051e-01	-4.461034480442402014e-03
1.237499999999999989e-01	-4.852214684347553111e-03
1.240620000000000056e-01	-5.250568930752016854e-03
1.243749999999999994e-01	-5.653593722643933568e-03
1.246870000000000062e-01	-6.063895903290534954e-03
1.250000000000000000e-01	-6.478853733518391556e-03
1.253120000000000067e-01	-6.901142766759707677e-03
1.256249999999999867e-01	-7.328100361025504349e-03
1.259369999999999934e-01	-7.762477434578226101e-03
1.262500000000000011e-01	-8.201489104499897625e-03
1.265620000000000078e-01	-8.647958888566391333e-03
1.268749999999999878e-01	-9.099060324635697625e-03
1.271869999999999945e-01	-9.557688202048220116e-03
1.275000000000000022e-01	-1.002089337010976695e-02
1.278120000000000089e-01	-1.049164197924992194e-02
1.281249999999999889e-01	-1.096694001698012705e-02
1.284369999999999956e-01	-1.144982648192296830e-02
1.287500000000000033e-01	-1.193718325059057138e-02
1.290620000000000100e-01	-1.243211728075819568e-02
1.293749999999999900e-01	-1.293146605466118960e-02
1.296869999999999967e-01	-1.343840873170092966e-02
1.300000000000000044e-01	-1.394965950872962754e-02
1.303120000000000112e-01	-1.446846294290177019e-02
1.306249999999999911e-01	-1.499148692693370345e-02
1.309369999999999978e-01	-1.552204526031913424e-02
1.312500000000000056e-01	-1.605668417178206936e-02
1.315620000000000123e-01	-1.659878101834054084e-02
1.318749999999999922e-01	-1.714483623188898034e-02
1.321869999999999989e-01	-1.769828789699621693e-02
1.325000000000000067e-01	-1.825551268270877991e-02
1.328120000000000134e-01	-1.882000159260782332e-02
1.331249999999999933e-01	-1.938807163253753948e-02
1.334370000000000001e-01	-1.996325841919378841e-02
1.337500000000000078e-01	-2.054174542743938958e-02
1.340619999999999867e-01	-2.112709768778964908e-02
1.343749999999999944e-01	-2.171542751296170679e-02
1.346870000000000012e-01	-2.231031788316233805e-02
1.350000000000000089e-01	-2.290774102493374487e-02
1.353119999999999878e-01	-2.351128839348232830e-02
1.356249999999999956e-01	-2.411684586385667156e-02
1.359370000000000023e-01	-2.472799476503122207e-02
1.362500000000000100e-01	-2.534048550137246378e-02
1.365619999999999890e-01	-2.595787690630088976e-02
1.368749999999999967e-01	-2.657582673612267701e-02
1.371870000000000034e-01	-2.719784786827404710e-02
1.375000000000000111e-01	-2.781947071522738318e-02
1.378119999999999901e-01	-2.844414919249292975e-02
1.381249999999999978e-01	-2.906731604115548456e-02
1.384370000000000045e-01	-2.969233855665784350e-02
1.387500000000000122e-01	-3.031454796908464658e-02
1.390619999999999912e-01	-3.093720424875013100e-02
1.393749999999999989e-01	-3.155554046693936215e-02
1.396870000000000056e-01	-3.217267968094306846e-02
1.400000000000000133e-01	-3.278379090218929565e-02
1.403119999999999923e-01	-3.339183411882794272e-02
1.406250000000000000e-01	-3.399188439114581711e-02
1.409370000000000067e-01	-3.458669848137538999e-02
1.412499999999999867e-01	-3.517134442709242415e-02
1.415619999999999934e-01	-3.574834947918122813e-02
1.418750000000000011e-01	-3.631269994916409144e-02
1.421870000000000078e-01	-3.686664042877978859e-02
1.424999999999999878e-01	-3.740523167426634821e-02
1.428119999999999945e-01	-3.793043017213442586e-02
1.431250000000000022e-01	-3.843728946691465226e-02
1.434370000000000089e-01	-3.892749102540851713e-02
1.437499999999999889e-01	-3.939639891335102589e-02
1.440619999999999956e-01	-3.984547622704035647e-02
1.443750000000000033e-01	-4.027027221891319592e-02
1.446870000000000100e-01	-4.067205439381293974e-02
1.449999999999999900e-01	-4.104695973347006338e-02
1.453119999999999967e-01	-4.139611339854256528e-02
1.456250000000000044e-01	-4.171603334587154627e-02
1.459370000000000112e-01	-4.200774196580153025e-02
1.462499999999999911e-01	-4.226859787347309050e-02
1.465619999999999978e-01	-4.249957969709752814e-02
1.468750000000000056e-01	-4.269861051763296916e-02
1.471870000000000123e-01	-4.286665918570742306e-02
1.474999999999999922e-01	-4.300263204538011530e-02
1.478119999999999989e-01	-4.310745317948563859e-02
1.481250000000000067e-01	-4.318056716916924415e-02
1.484370000000000134e-01	-4.322280570867748084e-02
1.487499999999999933e-01	-4.323449131879980589e-02
1.490620000000000001e-01	-4.321631202701998326e-02
1.493750000000000078e-01	-4.316901312521111839e-02
1.496869999999999867e-01	-4.309311097352069159e-02
1.499999999999999944e-01	-4.299007547211992214e-02
1.503120000000000012e-01	-4.286020601927351126e-02
1.506250000000000089e-01	-4.270526707709713238e-02
1.509369999999999878e-01	-4.252532558316779454e-02
1.512499999999999956e-01	-4.232268940225918791e-02
1.515620000000000023e-01	-4.209715069942659982e-02
1.518750000000000100e-01	-4.185117633023949929e-02
1.521869999999999890e-01	-4.158427286718347632e-02
1.524999999999999967e-01	-4.129926008292014727e-02
1.528120000000000034e-01	-4.099532751979152040e-02
1.531250000000000111e-01	-4.067534829521098766e-02
1.534369999999999901e-01	-4.033822662802216685e-02
1.537499999999999978e-01	-3.998708494884317677e-02
1.540620000000000045e-01	-3.962055657444471524e-02
1.543750000000000122e-01	-3.924179666167621622e-02
1.546869999999999912e-01	-3.884920544492181937e-02
1.549999999999999989e-01	-3.844612478965150903e-02
1.553120000000000056e-01	-3.803073364522149835e-02
1.556250000000000133e-01	-3.760638921565760684e-02
1.559369999999999923e-01	-3.717108277184523468e-02
1.562500000000000000e-01	-3.672830497916140108e-02
1.565620000000000067e-01	-3.627586823327730303e-02
1.568749999999999867e-01	-3.581726713865434480e-02
1.571869999999999934e-01	-3.535016595751804686e-02
1.575000000000000011e-01	-3.487814678974932719e-02
1.578120000000000078e-01	-3.439873651205891530e-02
1.581249999999999878e-01	-3.391551208163429837e-02
1.584369999999999945e-01	-3.342588340129045571e-02
1.587500000000000022e-01	-3.293347720391737177e-02
1.590620000000000089e-01	-3.243559938956058070e-02
1.593749999999999889e-01	-3.193586267552962765e-02
1.596869999999999956e-01	-3.143148860976018033e-02
1.600000000000000033e-01	-3.092611279802925592e-02
1.603120000000000100e-01	-3.041687860838954496e-02
1.606249999999999900e-01	-2.990739994186534731e-02
1.609369999999999967e-01	-2.939476273147606511e-02
1.612500000000000044e-01	-2.888257934637976018e-02
1.615620000000000112e-01	-2.836788257677188424e-02
1.618749999999999911e-01	-2.785426226144162992e-02
1.621869999999999978e-01	-2.733871395827934536e-02
1.625000000000000056e-01	-2.682480656725439935e-02
1.628120000000000123e-01	-2.630950578481447769e-02
1.631249999999999922e-01	-2.579635410115879365e-02
1.634369999999999989e-01	-2.528230181946969357e-02
1.637500000000000067e-01	-2.477085552061650264e-02
1.640620000000000134e-01	-2.425894686178748164e-02
1.643749999999999933e-01	-2.375005631249726967e-02
1.646870000000000001e-01	-2.324111634560311127e-02
1.650000000000000078e-01	-2.273555432261076606e-02
1.653119999999999867e-01	-2.223030070207296371e-02
1.656249999999999944e-01	-2.172875463528526480e-02
1.659370000000000012e-01	-2.122785520003413889e-02
1.662500000000000089e-01	-2.073093803485317327e-02
1.665619999999999878e-01	-2.023495320916588250e-02
1.668749999999999956e-01	-1.974320651001036653e-02
1.671870000000000023e-01	-1.925266558348200097e-02
1.675000000000000100e-01	-1.876656574082897697e-02
1.678119999999999890e-01	-1.828189214513560590e-02
1.681249999999999967e-01	-1.780184882376028080e-02
1.684370000000000034e-01	-1.732345042323695308e-02
1.687500000000000111e-01	-1.684982363157798771e-02
1.690619999999999901e-01	-1.637800865957713542e-02
1.693749999999999978e-01	-1.591110254269492708e-02
1.696870000000000045e-01	-1.544617611910077508e-02
1.700000000000000122e-01	-1.498624826924020367e-02
1.703119999999999912e-01	-1.452842366662489802e-02
1.706249999999999989e-01	-1.407568822673668785e-02
1.709370000000000056e-01	-1.362518650134288307e-02
1.712500000000000133e-01	-1.317982502740682252e-02
1.715619999999999923e-01	-1.273678472856969862e-02
1.718750000000000000e-01	-1.229894153431347094e-02
1.721870000000000067e-01	-1.186351833544335710e-02
1.724999999999999867e-01	-1.143331290642629616e-02
1.728119999999999934e-01	-1.100559087116479394e-02
1.731250000000000011e-01	-1.058311941653866661e-02
1.734370000000000078e-01	-1.016321062974114182e-02
1.737499999999999878e-01	-9.748552289292063133e-03
1.740619999999999945e-01	-9.336500339513475674e-03
1.743750000000000022e-01	-8.929717183661915747e-03
1.746870000000000089e-01	-8.525610804746071303e-03
1.749999999999999889e-01	-8.126763352151990250e-03
1.753119999999999956e-01	-7.730630565312820481e-03
1.756250000000000033e-01	-7.339770024073109626e-03
1.759370000000000100e-01	-6.951691779483916943e-03
1.762499999999999900e-01	-6.568877116498017706e-03
1.765619999999999967e-01	-6.188886105575034172e-03
1.768750000000000044e-01	-5.814176287742400112e-03
1.771870000000000112e-01	-5.442365914531747430e-03
1.774999999999999911e-01	-5.075835426356951376e-03
1.778119999999999978e-01	-4.712253949615901119e-03
1.781250000000000056e-01	-4.353980379124520322e-03
1.784370000000000123e-01	-3.998741440442538445e-03
1.787499999999999922e-01	-3.648816341504788896e-03
1.790619999999999989e-01	-3.301985323714275774e-03
1.793750000000000067e-01	-2.960504905481880535e-03
1.796870000000000134e-01	-2.622212574247440031e-03
1.799999999999999933e-01	-2.289282356435206126e-03
1.803120000000000001e-01	-1.959606548462064848e-03
1.806250000000000078e-01	-1.635333602545319511e-03
1.809369999999999867e-01	-1.314414423902702730e-03
1.812499999999999944e-01	-9.989151319198367757e-04
1.815620000000000012e-01	-6.868416277984809451e-04
1.818750000000000089e-01	-3.802319062596847270e-04
1.821869999999999878e-01	-7.715212207279940166e-05
1.824999999999999956e-01	2.204459054695932329e-04
1.828120000000000023e-01	5.144396553896817600e-04
1.831250000000000100e-01	8.029041757355447236e-04
1.834369999999999890e-01	1.087656996345566810e-03
1.837499999999999967e-01	1.366863403125747906e-03
1.840620000000000034e-01	1.642282668746567354e-03
1.843750000000000111e-01	1.912107907352530913e-03
1.846869999999999901e-01	2.178037633227002372e-03
1.849999999999999978e-01	2.438358183521958326e-03
1.853120000000000045e-01	2.694708390418919935e-03
1.856250000000000122e-01	2.945403990963246441e-03
1.859369999999999912e-01	3.192021807593756807e-03
1.862499999999999989e-01	3.432973283180105854e-03
1.865620000000000056e-01	3.669774801576008473e-03
1.868750000000000133e-01	3.900868408158903421e-03
1.871869999999999923e-01	4.127707606661311021e-03
1.875000000000000000e-01	4.348833014068317557e-03
1.878120000000000067e-01	4.565636259154153519e-03
1.881249999999999867e-01	4.776689654607078374e-03
1.884369999999999934e-01	4.983321199062523167e-03
1.887500000000000011e-01	5.184204200944883545e-03
1.890620000000000078e-01	5.380604266180409080e-03
1.893749999999999878e-01	5.571227337910680984e-03
1.896869999999999945e-01	5.757274498666203541e-03
1.900000000000000022e-01	5.937555241761208018e-03
1.903120000000000089e-01	6.113207310542562861e-03
1.906249999999999889e-01	6.283073723314563756e-03
1.909369999999999956e-01	6.448227332977268106e-03
1.912500000000000033e-01	6.607615948421298804e-03
1.915620000000000100e-01	6.762248370647474735e-03
1.918749999999999900e-01	6.911106584082204671e-03
1.921869999999999967e-01	7.055133132536609182e-03
1.925000000000000044e-01	7.193415477379049364e-03
1.928120000000000112e-01	7.326831481859394195e-03
1.931249999999999911e-01	7.454502577969859475e-03
1.934369999999999978e-01	7.577239697848997708e-03
1.937500000000000056e-01	7.694270527305928538e-03
1.940620000000000123e-01	7.806340282416238119e-03
1.943749999999999922e-01	7.912710517156928275e-03
1.946869999999999989e-01	8.014059355845246091e-03
1.950000000000000067e-01	8.109754564496932105e-03
1.953120000000000134e-01	8.200408017202566804e-03
1.956249999999999933e-01	8.285421372018981004e-03
1.959370000000000001e-01	8.365338807981827218e-03
1.962500000000000078e-01	8.439667981322233198e-03
1.965619999999999867e-01	8.508886762160773956e-03
1.968749999999999944e-01	8.572536564482726579e-03
1.971870000000000012e-01	8.631027267922411136e-03
1.975000000000000089e-01	8.684005923556654613e-03
1.978119999999999878e-01	8.731816029987614705e-03
1.981249999999999956e-01	8.774137970306888218e-03
1.984370000000000023e-01	8.811247086512381810e-03
1.987500000000000100e-01	8.842929055012620568e-03
1.990619999999999890e-01	8.869392538457364014e-03
1.993749999999999967e-01	8.890456259785725623e-03
1.996870000000000034e-01	8.906261002768572216e-03
2.000000000000000111e-01	8.916730079202446133e-03
2.003119999999999901e-01	8.921937610082076447e-03
2.006249999999999978e-01	8.921843545463345113e-03
2.009370000000000045e-01	8.916453879807113847e-03
2.012500000000000122e-01	8.905824180642656768e-03
2.015619999999999912e-01	8.889894540882719437e-03
2.018749999999999989e-01	8.868757421282152942e-03
2.021870000000000056e-01	8.842284348355333029e-03
2.025000000000000133e-01	8.810669633155670394e-03
2.028119999999999923e-01	8.773719615175524372e-03
2.031250000000000000e-01	8.731661318967206750e-03
2.034370000000000067e-01	8.684232456718121718e-03
2.037499999999999867e-01	8.631761226771240622e-03
2.040619999999999934e-01	8.573920304146257290e-03
2.043750000000000011e-01	8.511070434368130794e-03
2.046870000000000078e-01	8.442815583286298817e-03
2.049999999999999878e-01	8.369616401950608076e-03
2.053119999999999945e-01	8.291012226877227456e-03
2.056250000000000022e-01	8.207496010602610692e-03
2.059370000000000089e-01	8.118538619702424589e-03
2.062499999999999889e-01	8.024732058769686732e-03
2.065619999999999956e-01	7.925482476019546016e-03
2.068750000000000033e-01	7.821413657293949453e-03
2.071870000000000100e-01	7.711863476329681652e-03
2.074999999999999900e-01	7.597554124458385724e-03
2.078119999999999967e-01	7.477759076360905935e-03
2.081250000000000044e-01	7.353231847047410515e-03
2.084370000000000112e-01	7.223177454189537439e-03
2.087499999999999911e-01	7.088447244334720315e-03
2.090619999999999978e-01	6.948181765473673485e-03
2.093750000000000056e-01	6.803263471978462755e-03
2.096870000000000123e-01	6.652764334469723866e-03
2.099999999999999922e-01	6.497664164376170878e-03
2.103119999999999989e-01	6.336970442245755571e-03
2.106250000000000067e-01	6.171693516363543734e-03
2.109370000000000134e-01	6.000772518195251169e-03
2.112499999999999933e-01	5.825314801947054609e-03
2.115620000000000001e-01	5.644194548954782620e-03
2.118750000000000078e-01	5.458549680122500893e-03
2.121869999999999867e-01	5.267185494037446986e-03
2.124999999999999944e-01	5.071336868783619771e-03
2.128120000000000012e-01	4.869743849926605819e-03
2.131250000000000089e-01	4.663671450540588653e-03
2.134369999999999878e-01	4.451790754362511433e-03
2.137499999999999956e-01	4.235464011162273779e-03
2.140620000000000023e-01	4.013296104683368275e-03
2.143750000000000100e-01	3.786679637529193326e-03
2.146869999999999890e-01	3.554149641839092228e-03
2.149999999999999967e-01	3.317196432387513501e-03
2.153120000000000034e-01	3.074288468798361349e-03
2.156250000000000111e-01	2.826946222720094857e-03
2.159369999999999901e-01	2.573567354205934677e-03
2.162499999999999978e-01	2.315770897559511071e-03
2.165620000000000045e-01	2.051886875970069645e-03
2.168750000000000122e-01	1.783564672595856250e-03
2.171869999999999912e-01	1.509062479035241412e-03
2.174999999999999989e-01	1.230129492457242464e-03
2.178120000000000056e-01	9.449549525786593096e-04
2.181250000000000133e-01	6.553186978703108047e-04
2.184369999999999923e-01	3.593371541738380219e-04
2.187500000000000000e-01	5.889180126829221784e-05
2.190620000000000067e-01	-2.479706911159791963e-04
2.193749999999999867e-01	-5.593359379193149107e-04
2.196869999999999934e-01	-8.772303821993688352e-04
2.200000000000000011e-01	-1.199635008459881778e-03
2.203120000000000078e-01	-1.528647647705087863e-03
2.206249999999999878e-01	-1.862214087327162702e-03
2.209369999999999945e-01	-2.202503708415990118e-03
2.212500000000000022e-01	-2.547356102240580771e-03
2.215620000000000089e-01	-2.899011439016974633e-03
2.218749999999999889e-01	-3.255270824363993946e-03
2.221869999999999956e-01	-3.618449106972315699e-03
2.225000000000000033e-01	-3.986238072922203453e-03
2.228120000000000100e-01	-4.361021808269985311e-03
2.231249999999999900e-01	-4.740452081579592074e-03
2.234369999999999967e-01	-5.126989159406574945e-03
2.237500000000000044e-01	-5.518169363311725174e-03
2.240620000000000112e-01	-5.916523609716207999e-03
2.243749999999999911e-01	-6.319548401608124713e-03
2.246869999999999978e-01	-6.729850582254707017e-03
2.250000000000000056e-01	-7.144808412482564486e-03
2.253120000000000123e-01	-7.567097445723898821e-03
2.256249999999999922e-01	-7.994055039989714576e-03
2.259369999999999989e-01	-8.428432113542437196e-03
2.262500000000000067e-01	-8.867443783464106985e-03
2.265620000000000134e-01	-9.313913567530600693e-03
2.268749999999999933e-01	-9.765015003599906984e-03
2.271870000000000001e-01	-1.022364288101242948e-02
2.275000000000000078e-01	-1.068684804907397805e-02
2.278119999999999867e-01	-1.115759665821413130e-02
2.281249999999999944e-01	-1.163289469594429131e-02
2.284370000000000012e-01	-1.211578116088717592e-02
2.287500000000000089e-01	-1.260313792955477900e-02
2.290619999999999878e-01	-1.309807195972240330e-02
2.293749999999999956e-01	-1.359742073362535386e-02
2.296870000000000023e-01	-1.410436341066513902e-02
2.300000000000000100e-01	-1.461561418769383690e-02
2.303119999999999890e-01	-1.513441762186597955e-02
2.306249999999999967e-01	-1.565744160589786424e-02
2.309370000000000034e-01	-1.618799993928334360e-02
2.312500000000000111e-01	-1.672263885074628045e-02
2.315619999999999901e-01	-1.726473569730474847e-02
2.318749999999999978e-01	-1.781079091085314287e-02
2.321870000000000045e-01	-1.836424257596042803e-02
2.325000000000000122e-01	-1.892146736167299101e-02
2.328119999999999912e-01	-1.948595627157203442e-02
2.331249999999999989e-01	-2.005402631150169854e-02
2.334370000000000056e-01	-2.062921309815799950e-02
2.337500000000000133e-01	-2.120770010640359721e-02
2.340619999999999923e-01	-2.179305236675386018e-02
2.343750000000000000e-01	-2.238138219192591788e-02
2.346870000000000067e-01	-2.297627256212654567e-02
2.349999999999999867e-01	-2.357369570389795596e-02
2.353119999999999934e-01	-2.417724307244648388e-02
2.356250000000000011e-01	-2.478280054282087572e-02
2.359370000000000078e-01	-2.539394944399542622e-02
2.362499999999999878e-01	-2.600644018033666099e-02
2.365619999999999945e-01	-2.662383158526503493e-02
2.368750000000000022e-01	-2.724178141508688117e-02
2.371870000000000089e-01	-2.786380254723824779e-02
2.374999999999999889e-01	-2.848542539419158387e-02
2.378119999999999956e-01	-2.911010387145708186e-02
2.381250000000000033e-01	-2.973327072011968525e-02
2.384370000000000100e-01	-3.035829323562204418e-02
2.387499999999999900e-01	-3.098050264804885073e-02
2.390619999999999967e-01	-3.160315892771427271e-02
2.393750000000000044e-01	-3.222149514590355590e-02
2.396870000000000112e-01	-3.283863435990726221e-02
2.399999999999999911e-01	-3.344974558115349633e-02
2.403119999999999978e-01	-3.405778879779208790e-02
2.406250000000000056e-01	-3.465783907011002474e-02
2.409370000000000123e-01	-3.525265316033959762e-02
2.412499999999999922e-01	-3.583729910605663871e-02
2.415619999999999989e-01	-3.641430415814543575e-02
2.418750000000000067e-01	-3.697865462812830600e-02
2.421870000000000134e-01	-3.753259510774399621e-02
2.424999999999999933e-01	-3.807118635323055583e-02
2.428120000000000001e-01	-3.859638485109864042e-02
2.431250000000000078e-01	-3.910324414587885988e-02
2.434369999999999867e-01	-3.959344570437273170e-02
2.437499999999999944e-01	-4.006235359231519189e-02
2.440620000000000012e-01	-4.051143090600456409e-02
2.443750000000000089e-01	-4.093622689787739660e-02
2.446869999999999878e-01	-4.133800907277714737e-02
2.449999999999999956e-01	-4.171291441243423631e-02
2.453120000000000023e-01	-4.206206807750677290e-02
2.456250000000000100e-01	-4.238198802483575389e-02
2.459369999999999890e-01	-4.267369664476573787e-02
2.462499999999999967e-01	-4.293455255243727731e-02
2.465620000000000034e-01	-4.316553437606173577e-02
2.468750000000000111e-01	-4.336456519659718373e-02
2.471869999999999901e-01	-4.353261386467164457e-02
2.474999999999999978e-01	-4.366858672434431599e-02
2.478120000000000045e-01	-4.377340785844984622e-02
2.481250000000000122e-01	-4.384652184813344483e-02
2.484369999999999912e-01	-4.388876038764167459e-02
2.487499999999999989e-01	-4.390044599776400658e-02
2.490620000000000056e-01	-4.388226670598417700e-02
2.493750000000000133e-01	-4.383496780417531907e-02
2.496869999999999923e-01	-4.375906565248488533e-02
2.500000000000000000e-01	-4.365603015108412283e-02
2.503119999999999790e-01	-4.352616069823770500e-02
2.506249999999999867e-01	-4.337122175606131919e-02
2.509370000000000211e-01	-4.319128026213197441e-02
2.512499999999999734e-01	-4.298864408122333308e-02
2.515620000000000078e-01	-4.276310537839078663e-02
2.518750000000000155e-01	-4.251713100920366528e-02
2.521869999999999945e-01	-4.225022754614763537e-02
2.525000000000000022e-01	-4.196521476188431327e-02
2.528119999999999812e-01	-4.166128219875568639e-02
2.531249999999999889e-01	-4.134130297417518141e-02
2.534370000000000234e-01	-4.100418130698636754e-02
2.537499999999999756e-01	-4.065303962780730807e-02
2.540620000000000100e-01	-4.028651125340890898e-02
2.543750000000000178e-01	-3.990775134064038221e-02
2.546869999999999967e-01	-3.951516012388597843e-02
2.550000000000000044e-01	-3.911207946861567503e-02
2.553119999999999834e-01	-3.869668832418566434e-02
2.556249999999999911e-01	-3.827234389462180753e-02
2.559370000000000256e-01	-3.783703745080943537e-02
2.562499999999999778e-01	-3.739425965812552544e-02
2.565620000000000123e-01	-3.694182291224150372e-02
2.568750000000000200e-01	-3.648322181761851080e-02
2.571869999999999989e-01	-3.601612063648217815e-02
2.575000000000000067e-01	-3.554410146871350012e-02
2.578119999999999856e-01	-3.506469119102308823e-02
2.581249999999999933e-01	-3.458146676059851293e-02
2.584369999999999723e-01	-3.409183808025462864e-02
2.587499999999999800e-01	-3.359943188288158633e-02
2.590620000000000145e-01	-3.310155406852478832e-02
2.593750000000000222e-01	-3.260181735449379364e-02
2.596870000000000012e-01	-3.209744328872430469e-02
2.600000000000000089e-01	-3.159206747699343232e-02
2.603119999999999878e-01	-3.108283328735371442e-02
2.606249999999999956e-01	-3.057335462082957575e-02
2.609369999999999745e-01	-3.006071741044024845e-02
2.612499999999999822e-01	-2.954853402534398515e-02
2.615620000000000167e-01	-2.903383725573611615e-02
2.618750000000000244e-01	-2.852021694040581326e-02
2.621870000000000034e-01	-2.800466863724348360e-02
2.625000000000000111e-01	-2.749076124621858269e-02
2.628119999999999901e-01	-2.697546046377866796e-02
2.631249999999999978e-01	-2.646230878012302556e-02
2.634369999999999767e-01	-2.594825649843387691e-02
2.637499999999999845e-01	-2.543681019958073455e-02
2.640620000000000189e-01	-2.492490154075170661e-02
2.643750000000000266e-01	-2.441601099146145301e-02
2.646870000000000056e-01	-2.390707102456725297e-02
2.650000000000000133e-01	-2.340150900157494940e-02
2.653119999999999923e-01	-2.289625538103714705e-02
2.656250000000000000e-01	-2.239470931424944813e-02
2.659369999999999790e-01	-2.189380987899832223e-02
2.662499999999999867e-01	-2.139689271381740518e-02
2.665620000000000211e-01	-2.090090788813011094e-02
2.668749999999999734e-01	-2.040916118897450823e-02
2.671870000000000078e-01	-1.991862026244622941e-02
2.675000000000000155e-01	-1.943252041979316377e-02
2.678119999999999945e-01	-1.894784682409979271e-02
2.681250000000000022e-01	-1.846780350272446761e-02
2.684369999999999812e-01	-1.798940510220113989e-02
2.687499999999999889e-01	-1.751577831054221615e-02
2.690620000000000234e-01	-1.704396333854135692e-02
2.693749999999999756e-01	-1.657705722165906878e-02
2.696870000000000100e-01	-1.611213079806499832e-02
2.700000000000000178e-01	-1.565220294820438354e-02
2.703119999999999967e-01	-1.519437834558907789e-02
2.706250000000000044e-01	-1.474164290570086078e-02
2.709369999999999834e-01	-1.429114118030704907e-02
2.712499999999999911e-01	-1.384577970637102841e-02
2.715620000000000256e-01	-1.340273940753390451e-02
2.718749999999999778e-01	-1.296489621327760050e-02
2.721870000000000123e-01	-1.252947301440756125e-02
2.725000000000000200e-01	-1.209926758539046389e-02
2.728119999999999989e-01	-1.167154555012892697e-02
2.731250000000000067e-01	-1.124907409550284995e-02
2.734369999999999856e-01	-1.082916530870532169e-02
2.737499999999999933e-01	-1.041450696825628464e-02
2.740619999999999723e-01	-1.000245501847765901e-02
2.743749999999999800e-01	-9.595671862626137250e-03
2.746870000000000145e-01	-9.191565483710292805e-03
2.750000000000000222e-01	-8.792718031116175323e-03
2.753120000000000012e-01	-8.396585244276971727e-03
2.756250000000000089e-01	-8.005724703037286893e-03
2.759369999999999878e-01	-7.617646458448095077e-03
2.762499999999999956e-01	-7.234831795462233137e-03
2.765619999999999745e-01	-6.854840784539211439e-03
2.768749999999999822e-01	-6.480130966706615543e-03
2.771870000000000167e-01	-6.108320593495962861e-03
2.775000000000000244e-01	-5.741790105321133847e-03
2.778120000000000034e-01	-5.378208628580052365e-03
2.781250000000000111e-01	-5.019935058088708865e-03
2.784369999999999901e-01	-4.664696119406726987e-03
2.787499999999999978e-01	-4.314771020469009531e-03
2.790619999999999767e-01	-3.967940002678464750e-03
2.793749999999999845e-01	-3.626459584446101603e-03
2.796870000000000189e-01	-3.288167253211661100e-03
2.800000000000000266e-01	-2.955237035399400306e-03
2.803120000000000056e-01	-2.625561227426226503e-03
2.806250000000000133e-01	-2.301288281509502633e-03
2.809369999999999923e-01	-1.980369102866886069e-03
2.812500000000000000e-01	-1.664869810884019898e-03
2.815619999999999790e-01	-1.352796306762663959e-03
2.818749999999999867e-01	-1.046186585223894900e-03
2.821870000000000211e-01	-7.431068010370095065e-04
2.824999999999999734e-01	-4.455087734945628922e-04
2.828120000000000078e-01	-1.515150235745283042e-04
2.831250000000000155e-01	1.369494967713615746e-04
2.834369999999999945e-01	4.217023173813837971e-04
2.837500000000000022e-01	7.009087241615647845e-04
2.840619999999999812e-01	9.763279897823842323e-04
2.843749999999999889e-01	1.246153228388326324e-03
2.846870000000000234e-01	1.512082954262797567e-03
2.849999999999999756e-01	1.772403504557802309e-03
2.853120000000000100e-01	2.028753711454715346e-03
2.856250000000000178e-01	2.279449311999057898e-03
2.859369999999999967e-01	2.526067128629568264e-03
2.862500000000000044e-01	2.767018604215917311e-03
2.865619999999999834e-01	3.003820122611819930e-03
2.868749999999999911e-01	3.234913729194693627e-03
2.871870000000000256e-01	3.461752927697101228e-03
2.874999999999999778e-01	3.682878335104150698e-03
2.878120000000000123e-01	3.899681580189948496e-03
2.881250000000000200e-01	4.110734975642889831e-03
2.884369999999999989e-01	4.317366520098351104e-03
2.887500000000000067e-01	4.518249521980695002e-03
2.890619999999999856e-01	4.714649587216220537e-03
2.893749999999999933e-01	4.905272658946475961e-03
2.896869999999999723e-01	5.091319819702014998e-03
2.899999999999999800e-01	5.271600562797002995e-03
2.903120000000000145e-01	5.447252631578357839e-03
2.906250000000000222e-01	5.617119044350364805e-03
2.909370000000000012e-01	5.782272654013079563e-03
2.912500000000000089e-01	5.941661269457105057e-03
2.915619999999999878e-01	6.096293691683274917e-03
2.918749999999999956e-01	6.245151905118000515e-03
2.921869999999999745e-01	6.389178453572415435e-03
2.924999999999999822e-01	6.527460798414839137e-03
2.928120000000000167e-01	6.660876802895184835e-03
2.931250000000000244e-01	6.788547899005677004e-03
2.934370000000000034e-01	6.911285018884825646e-03
2.937500000000000111e-01	7.028315848341739995e-03
2.940619999999999901e-01	7.140385603452049576e-03
2.943749999999999978e-01	7.246755838192729324e-03
2.946869999999999767e-01	7.348104676881056681e-03
2.949999999999999845e-01	7.443799885532732287e-03
2.953120000000000189e-01	7.534453338238372190e-03
2.956250000000000266e-01	7.619466693054797665e-03
2.959370000000000056e-01	7.699384129017644747e-03
2.962500000000000133e-01	7.773713302358049859e-03
2.965619999999999923e-01	7.842932083196580209e-03
2.968750000000000000e-01	7.906581885518543240e-03
2.971869999999999790e-01	7.965072588958215655e-03
2.974999999999999867e-01	8.018051244592460866e-03
2.978120000000000211e-01	8.065861351023408815e-03
2.981249999999999734e-01	8.108183291342694471e-03
2.984370000000000078e-01	8.145292407548188063e-03
2.987500000000000155e-01	8.176974376048438964e-03
2.990619999999999945e-01	8.203437859493170267e-03
2.993750000000000022e-01	8.224501580821542285e-03
2.996869999999999812e-01	8.240306323804378469e-03
2.999999999999999889e-01	8.250775400238252386e-03
3.003120000000000234e-01	8.255982931117882700e-03
3.006249999999999756e-01	8.255888866499172182e-03
3.009370000000000100e-01	8.250499200842930508e-03
3.012500000000000178e-01	8.239869501678485572e-03
3.015619999999999967e-01	8.223939861918536098e-03
3.018750000000000044e-01	8.202802742317971338e-03
3.021869999999999834e-01	8.176329669391149690e-03
3.024999999999999911e-01	8.144714954191497464e-03
3.028120000000000256e-01	8.107764936211353177e-03
3.031249999999999778e-01	8.065706640003013003e-03
3.034370000000000123e-01	8.018277777753950522e-03
3.037500000000000200e-01	7.965806547807069427e-03
3.040619999999999989e-01	7.907965625182063543e-03
3.043750000000000067e-01	7.845115755403957863e-03
3.046869999999999856e-01	7.776860904322116345e-03
3.049999999999999933e-01	7.703661722986435145e-03
3.053119999999999723e-01	7.625057547913055393e-03
3.056249999999999800e-01	7.541541331638449037e-03
3.059370000000000145e-01	7.452583940738262067e-03
3.062500000000000222e-01	7.358777379805513802e-03
3.065620000000000012e-01	7.259527797055363545e-03
3.068750000000000089e-01	7.155458978329777391e-03
3.071869999999999878e-01	7.045908797365503518e-03
3.074999999999999956e-01	6.931599445494224070e-03
3.078119999999999745e-01	6.811804397396733005e-03
3.081249999999999822e-01	6.687277168083232380e-03
3.084370000000000167e-01	6.557222775225354100e-03
3.087500000000000244e-01	6.422492565370531772e-03
3.090620000000000034e-01	6.282227086509469330e-03
3.093750000000000111e-01	6.137308793014269008e-03
3.096869999999999901e-01	5.986809655505530119e-03
3.099999999999999978e-01	5.831709485411987540e-03
3.103119999999999767e-01	5.671015763281556619e-03
3.106249999999999845e-01	5.505738837399360396e-03
3.109370000000000189e-01	5.334817839231073902e-03
3.112500000000000266e-01	5.159360122982859995e-03
3.115620000000000056e-01	4.978239869990572393e-03
3.118750000000000133e-01	4.792595001158301941e-03
3.121869999999999923e-01	4.601230815073253239e-03
3.125000000000000000e-01	4.405382189819425157e-03
3.128119999999999790e-01	4.203789170962412072e-03
3.131249999999999867e-01	3.997716771576415723e-03
3.134370000000000211e-01	3.785836075398344575e-03
3.137499999999999734e-01	3.569509332198069623e-03
3.140620000000000078e-01	3.347341425719195778e-03
3.143750000000000155e-01	3.120724958565004783e-03
3.146869999999999945e-01	2.888194962874898481e-03
3.150000000000000022e-01	2.651241753423324958e-03
3.153119999999999812e-01	2.408333789834167602e-03
3.156249999999999889e-01	2.160991543755922360e-03
3.159370000000000234e-01	1.907612675241762397e-03
3.162499999999999756e-01	1.649816218595290002e-03
3.165620000000000100e-01	1.385932197005891944e-03
3.168750000000000178e-01	1.117609993631662286e-03
3.171869999999999967e-01	8.431078000710420274e-04
3.175000000000000044e-01	5.641748134930431877e-04
3.178119999999999834e-01	2.790002736144600332e-04
3.181249999999999911e-01	-1.063598109386147849e-05
3.184370000000000256e-01	-3.066175247903396789e-04
3.187499999999999778e-01	-6.070628776959340620e-04
3.190620000000000123e-01	-9.139253700801461093e-04
3.193750000000000200e-01	-1.225290616883514296e-03
3.196869999999999989e-01	-1.543185061163595108e-03
3.200000000000000067e-01	-1.865589687424080946e-03
3.203119999999999856e-01	-2.194602326669287031e-03
3.206249999999999933e-01	-2.528168766291329778e-03
3.209369999999999723e-01	-2.868458387380189503e-03
3.212499999999999800e-01	-3.213310781204745028e-03
3.215620000000000145e-01	-3.564966117981141491e-03
3.218750000000000222e-01	-3.921225503328192898e-03
3.221870000000000012e-01	-4.284403785936545007e-03
3.225000000000000089e-01	-4.652192751886399802e-03
3.228119999999999878e-01	-5.026976487234181661e-03
3.231249999999999956e-01	-5.406406760543758933e-03
3.234369999999999745e-01	-5.792943838370773896e-03
3.237499999999999822e-01	-6.184124042275892033e-03
3.240620000000000167e-01	-6.582478288680372255e-03
3.243750000000000244e-01	-6.985503080572326266e-03
3.246870000000000034e-01	-7.395805261218944132e-03
3.250000000000000111e-01	-7.810763091446766039e-03
3.253119999999999901e-01	-8.233052124688097773e-03
3.256249999999999978e-01	-8.660009718953863220e-03
3.259369999999999767e-01	-9.094386792506622269e-03
3.262499999999999845e-01	-9.533398462428253894e-03
3.265620000000000189e-01	-9.979868246494749337e-03
3.268750000000000266e-01	-1.043096968256409553e-02
3.271870000000000056e-01	-1.088959755997665965e-02
3.275000000000000133e-01	-1.135280272803815965e-02
3.278119999999999923e-01	-1.182355133717831464e-02
3.281250000000000000e-01	-1.229884937490848505e-02
3.284369999999999790e-01	-1.278173583985136967e-02
3.287499999999999867e-01	-1.326909260851893285e-02
3.290620000000000211e-01	-1.376402663868655368e-02
3.293749999999999734e-01	-1.426337541258959098e-02
3.296870000000000078e-01	-1.477031808962929287e-02
3.300000000000000155e-01	-1.528156886665803585e-02
3.303119999999999945e-01	-1.580037230083017330e-02
3.306250000000000022e-01	-1.632339628486204411e-02
3.309369999999999812e-01	-1.685395461824752347e-02
3.312499999999999889e-01	-1.738859352971040828e-02
3.315620000000000234e-01	-1.793069037626887977e-02
3.318749999999999756e-01	-1.847674558981737478e-02
3.321870000000000100e-01	-1.903019725492455586e-02
3.325000000000000178e-01	-1.958742204063717088e-02
3.328119999999999967e-01	-2.015191095053621428e-02
3.331250000000000044e-01	-2.071998099046588188e-02
3.334369999999999834e-01	-2.129516777712218284e-02
3.337499999999999911e-01	-2.187365478536773197e-02
3.340620000000000256e-01	-2.245900704571799494e-02
3.343749999999999778e-01	-2.304733687089016020e-02
3.346870000000000123e-01	-2.364222724109068044e-02
3.350000000000000200e-01	-2.423965038286214277e-02
3.353119999999999989e-01	-2.484319775141072620e-02
3.356250000000000067e-01	-2.544875522178506252e-02
3.359369999999999856e-01	-2.605990412295961650e-02
3.362499999999999933e-01	-2.667239485930079576e-02
3.365619999999999723e-01	-2.728978626422922174e-02
3.368749999999999800e-01	-2.790773609405101593e-02
3.371870000000000145e-01	-2.852975722620237908e-02
3.375000000000000222e-01	-2.915138007315577068e-02
3.378120000000000012e-01	-2.977605855042132418e-02
3.381250000000000089e-01	-3.039922539908387900e-02
3.384369999999999878e-01	-3.102424791458623793e-02
3.387499999999999956e-01	-3.164645732701298897e-02
3.390619999999999745e-01	-3.226911360667846645e-02
3.393749999999999822e-01	-3.288744982486770108e-02
3.396870000000000167e-01	-3.350458903887140738e-02
3.400000000000000244e-01	-3.411570026011769008e-02
3.403120000000000034e-01	-3.472374347675633716e-02
3.406250000000000111e-01	-3.532379374907423236e-02
3.409369999999999901e-01	-3.591860783930379830e-02
3.412499999999999978e-01	-3.650325378502078388e-02
3.415619999999999767e-01	-3.708025883710962950e-02
3.418749999999999845e-01	-3.764460930709245118e-02
3.421870000000000189e-01	-3.819854978670814138e-02
3.425000000000000266e-01	-3.873714103219474958e-02
3.428120000000000056e-01	-3.926233953006287580e-02
3.431250000000000133e-01	-3.976919882484306751e-02
3.434369999999999923e-01	-4.025940038333693238e-02
3.437500000000000000e-01	-4.072830827127939951e-02
3.440619999999999790e-01	-4.117738558496876478e-02
3.443749999999999867e-01	-4.160218157684156259e-02
3.446870000000000211e-01	-4.200396375174131336e-02
3.449999999999999734e-01	-4.237886909139846475e-02
3.453120000000000078e-01	-4.272802275647093889e-02
3.456250000000000155e-01	-4.304794270379994070e-02
3.459369999999999945e-01	-4.333965132372993162e-02
3.462500000000000022e-01	-4.360050723140146411e-02
3.465619999999999812e-01	-4.383148905502592257e-02
3.468749999999999889e-01	-4.403051987556136360e-02
3.471870000000000234e-01	-4.419856854363581750e-02
3.474999999999999756e-01	-4.433454140330850973e-02
3.478120000000000100e-01	-4.443936253741403303e-02
3.481250000000000178e-01	-4.451247652709762470e-02
3.484369999999999967e-01	-4.455471506660586140e-02
3.487500000000000044e-01	-4.456640067672820033e-02
3.490619999999999834e-01	-4.454822138494836381e-02
3.493749999999999911e-01	-4.450092248313950588e-02
3.496870000000000256e-01	-4.442502033144907214e-02
3.499999999999999778e-01	-4.432198483004828188e-02
3.503120000000000123e-01	-4.419211537720189181e-02
3.506250000000000200e-01	-4.403717643502551987e-02
3.509369999999999989e-01	-4.385723494109616816e-02
3.512500000000000067e-01	-4.365459876018756846e-02
3.515619999999999856e-01	-4.342906005735498037e-02
3.518749999999999933e-01	-4.318308568816791454e-02
3.521869999999999723e-01	-4.291618222511188463e-02
3.524999999999999800e-01	-4.263116944084854865e-02
3.528120000000000145e-01	-4.232723687771992871e-02
3.531250000000000222e-01	-4.200725765313936821e-02
3.534370000000000012e-01	-4.167013598595054741e-02
3.537500000000000089e-01	-4.131899430677155732e-02
3.540619999999999878e-01	-4.095246593237309579e-02
3.543749999999999956e-01	-4.057370601960462453e-02
3.546869999999999745e-01	-4.018111480285022769e-02
3.549999999999999822e-01	-3.977803414757992428e-02
3.553120000000000167e-01	-3.936264300314991360e-02
3.556250000000000244e-01	-3.893829857358595270e-02
3.559370000000000034e-01	-3.850299212977358054e-02
3.562500000000000111e-01	-3.806021433708974694e-02
3.565619999999999901e-01	-3.760777759120564889e-02
3.568749999999999978e-01	-3.714917649658273230e-02
3.571869999999999767e-01	-3.668207531544639272e-02
3.574999999999999845e-01	-3.621005614767771469e-02
3.578120000000000189e-01	-3.573064586998730280e-02
3.581250000000000266e-01	-3.524742143956265117e-02
3.584370000000000056e-01	-3.475779275921876688e-02
3.587500000000000133e-01	-3.426538656184572457e-02
3.590619999999999923e-01	-3.376750874748892656e-02
3.593750000000000000e-01	-3.326777203345801515e-02
3.596869999999999790e-01	-3.276339796768852619e-02
3.599999999999999867e-01	-3.225802215595765382e-02
3.603120000000000211e-01	-3.174878796631793593e-02
3.606249999999999734e-01	-3.123930929979372093e-02
3.609370000000000078e-01	-3.072667208940448383e-02
3.612500000000000155e-01	-3.021448870430813033e-02
3.615619999999999945e-01	-2.969979193470025786e-02
3.618750000000000022e-01	-2.918617161937004517e-02
3.621869999999999812e-01	-2.867062331620771551e-02
3.624999999999999889e-01	-2.815671592518282154e-02
3.628120000000000234e-01	-2.764141514274289640e-02
3.631249999999999756e-01	-2.712826345908716727e-02
3.634370000000000100e-01	-2.661421117739811229e-02
3.637500000000000178e-01	-2.610276487854487973e-02
3.640619999999999967e-01	-2.559085621971585872e-02
3.643750000000000044e-01	-2.508196567042569186e-02
3.646869999999999834e-01	-2.457302570353148488e-02
3.649999999999999911e-01	-2.406746368053918478e-02
3.653120000000000256e-01	-2.356221006000138243e-02
3.656249999999999778e-01	-2.306066399321359678e-02
3.659370000000000123e-01	-2.255976455796256108e-02
3.662500000000000200e-01	-2.206284739278155035e-02
3.665619999999999989e-01	-2.156686256709425958e-02
3.668750000000000067e-01	-2.107511586793874708e-02
3.671869999999999856e-01	-2.058457494141038152e-02
3.674999999999999933e-01	-2.009847509875739915e-02
3.678119999999999723e-01	-1.961380150306403156e-02
3.681249999999999800e-01	-1.913375818168869258e-02
3.684370000000000145e-01	-1.865535978116536486e-02
3.687500000000000222e-01	-1.818173298950635439e-02
3.690620000000000012e-01	-1.770991801750549863e-02
3.693750000000000089e-01	-1.724301190062329028e-02
3.696869999999999878e-01	-1.677808547702913655e-02
3.699999999999999956e-01	-1.631815762716860851e-02
3.703119999999999745e-01	-1.586033302455330113e-02
3.706249999999999822e-01	-1.540759758466509269e-02
3.709370000000000167e-01	-1.495709585927128618e-02
3.712500000000000244e-01	-1.451173438533518399e-02
3.715620000000000034e-01	-1.406869408649805836e-02
3.718750000000000111e-01	-1.363085089224183241e-02
3.721869999999999901e-01	-1.319542769337171684e-02
3.724999999999999978e-01	-1.276522226435469580e-02
3.728119999999999767e-01	-1.233750022909315541e-02
3.731249999999999845e-01	-1.191502877446707839e-02
3.734370000000000189e-01	-1.149511998766955360e-02
3.737500000000000266e-01	-1.108046164722044369e-02
3.740620000000000056e-01	-1.066840969744181807e-02
3.743750000000000133e-01	-1.026162654159029457e-02
3.746869999999999923e-01	-9.857520162674451858e-03
3.750000000000000000e-01	-9.458672710080407234e-03
3.753119999999999790e-01	-9.062539923241205372e-03
3.756249999999999867e-01	-8.671679382001503192e-03
3.759370000000000211e-01	-8.283601137412310508e-03
3.762499999999999734e-01	-7.900786474426378311e-03
3.765620000000000078e-01	-7.520795463503426870e-03
3.768750000000000155e-01	-7.146085645670761585e-03
3.771869999999999945e-01	-6.774275272460108036e-03
3.775000000000000022e-01	-6.407744784285344074e-03
3.778119999999999812e-01	-6.044163307544261725e-03
3.781249999999999889e-01	-5.685889737052913021e-03
3.784370000000000234e-01	-5.330650798370931143e-03
3.787499999999999756e-01	-4.980725699433149502e-03
3.790620000000000100e-01	-4.633894681642663702e-03
3.793750000000000178e-01	-4.292414263410241140e-03
3.796869999999999967e-01	-3.954121932175800637e-03
3.800000000000000044e-01	-3.621191714363599257e-03
3.803119999999999834e-01	-3.291515906390425888e-03
3.806249999999999911e-01	-2.967242960473709824e-03
3.809370000000000256e-01	-2.646323781831093260e-03
3.812499999999999778e-01	-2.330824489848173312e-03
3.815620000000000123e-01	-2.018750985726871366e-03
3.818750000000000200e-01	-1.712141264188048314e-03
3.821869999999999989e-01	-1.409061480001162813e-03
3.825000000000000067e-01	-1.111463452458770354e-03
3.828119999999999856e-01	-8.174697025386817731e-04
3.831249999999999933e-01	-5.290051821928403852e-04
3.834369999999999723e-01	-2.442523615828181898e-04
3.837499999999999800e-01	3.495404519736282464e-05
3.840620000000000145e-01	3.103733108181822454e-04
3.843750000000000222e-01	5.801985494241729095e-04
3.846870000000000012e-01	8.461282752986441519e-04
3.850000000000000089e-01	1.106448825593600322e-03
3.853119999999999878e-01	1.362799032490561932e-03
3.856249999999999956e-01	1.613494633034858513e-03
3.859369999999999745e-01	1.860112449665368879e-03
3.862499999999999822e-01	2.101063925251717927e-03
3.865620000000000167e-01	2.337865443647620545e-03
3.868750000000000244e-01	2.568959050230537611e-03
3.871870000000000034e-01	2.795798248732945211e-03
3.875000000000000111e-01	3.016923656139951313e-03
3.878119999999999901e-01	3.233726901225786841e-03
3.881249999999999978e-01	3.444780296678696084e-03
3.884369999999999767e-01	3.651411841134151286e-03
3.887499999999999845e-01	3.852294843016500821e-03
3.890620000000000189e-01	4.048694908252021586e-03
3.893750000000000266e-01	4.239317979982314306e-03
3.896870000000000056e-01	4.425365140737853344e-03
3.900000000000000133e-01	4.605645883832842208e-03
3.903119999999999923e-01	4.781297952614196184e-03
3.906250000000000000e-01	4.951164365386149374e-03
3.909369999999999790e-01	5.116317975048864132e-03
3.912499999999999867e-01	5.275706590492894831e-03
3.915620000000000211e-01	5.430339012719059485e-03
3.918749999999999734e-01	5.579197226153811973e-03
3.921870000000000078e-01	5.723223774608193933e-03
3.925000000000000155e-01	5.861506119450645390e-03
3.928119999999999945e-01	5.994922123930991088e-03
3.931250000000000022e-01	6.122593220041450297e-03
3.934369999999999812e-01	6.245330339920598939e-03
3.937499999999999889e-01	6.362361169377518492e-03
3.940620000000000234e-01	6.474430924487828073e-03
3.943749999999999756e-01	6.580801159228524301e-03
3.946870000000000100e-01	6.682149997916830841e-03
3.950000000000000178e-01	6.777845206568522927e-03
3.953119999999999967e-01	6.868498659274156759e-03
3.956250000000000044e-01	6.953512014090593510e-03
3.959369999999999834e-01	7.033429450053429316e-03
3.962499999999999911e-01	7.107758623393834428e-03
3.965620000000000256e-01	7.176977404232364778e-03
3.968749999999999778e-01	7.240627206554338217e-03
3.971870000000000123e-01	7.299117909994001091e-03
3.975000000000000200e-01	7.352096565628255843e-03
3.978119999999999989e-01	7.399906672059215068e-03
3.981250000000000067e-01	7.442228612378510265e-03
3.984369999999999856e-01	7.479337728584004724e-03
3.987499999999999933e-01	7.511019697084244350e-03
3.990619999999999723e-01	7.537483180528986929e-03
3.993749999999999800e-01	7.558546901857348538e-03
3.996870000000000145e-01	7.574351644840195130e-03
4.000000000000000222e-01	7.584820721274069914e-03
4.003120000000000012e-01	7.590028252153699362e-03
4.006250000000000089e-01	7.589934187534957619e-03
4.009369999999999878e-01	7.584544521878726353e-03
4.012499999999999956e-01	7.573914822714269274e-03
4.015619999999999745e-01	7.557985182954341484e-03
4.018749999999999822e-01	7.536848063353766315e-03
4.021870000000000167e-01	7.510374990426945535e-03
4.025000000000000244e-01	7.478760275227282033e-03
4.028120000000000034e-01	7.441810257247136878e-03
4.031250000000000111e-01	7.399751961038818389e-03
4.034369999999999901e-01	7.352323098789735091e-03
4.037499999999999978e-01	7.299851868842853128e-03
4.040619999999999767e-01	7.242010946217858521e-03
4.043749999999999845e-01	7.179161076439742432e-03
4.046870000000000189e-01	7.110906225357911323e-03
4.050000000000000266e-01	7.037707044022208439e-03
4.053120000000000056e-01	6.959102868948839962e-03
4.056250000000000133e-01	6.875586652674233606e-03
4.059369999999999923e-01	6.786629261774057911e-03
4.062500000000000000e-01	6.692822700841320055e-03
4.065619999999999790e-01	6.593573118091169798e-03
4.068749999999999867e-01	6.489504299365582776e-03
4.071870000000000211e-01	6.379954118401321046e-03
4.074999999999999734e-01	6.265644766530019914e-03
4.078120000000000078e-01	6.145849718432550533e-03
4.081250000000000155e-01	6.021322489119006541e-03
4.084369999999999945e-01	5.891268096261133465e-03
4.087500000000000022e-01	5.756537886406327617e-03
4.090619999999999812e-01	5.616272407545269511e-03
4.093749999999999889e-01	5.471354114050070057e-03
4.096870000000000234e-01	5.320854976541331167e-03
4.099999999999999756e-01	5.165754806447761700e-03
4.103120000000000100e-01	5.005061084317356801e-03
4.106250000000000178e-01	4.839784158435134556e-03
4.109369999999999967e-01	4.668863160266847195e-03
4.112500000000000044e-01	4.493405444018661044e-03
4.115619999999999834e-01	4.312285191026373442e-03
4.118749999999999911e-01	4.126640322194107327e-03
4.121870000000000256e-01	3.935276136109054287e-03
4.124999999999999778e-01	3.739427510855193679e-03
4.128120000000000123e-01	3.537834491998217892e-03
4.131250000000000200e-01	3.331762092612184246e-03
4.134369999999999989e-01	3.119881396434107459e-03
4.137500000000000067e-01	2.903554653233870238e-03
4.140619999999999856e-01	2.681386746754964301e-03
4.143749999999999933e-01	2.454770279600811036e-03
4.146869999999999723e-01	2.222240283910704300e-03
4.149999999999999800e-01	1.985287074459125573e-03
4.153120000000000145e-01	1.742379110869973855e-03
4.156250000000000222e-01	1.495036864791696304e-03
4.159370000000000012e-01	1.241657996277536124e-03
4.162500000000000089e-01	9.838615396311123015e-04
4.165619999999999878e-01	7.199775180416710923e-04
4.168749999999999956e-01	4.516553146674845312e-04
4.171869999999999745e-01	1.771531211068643537e-04
4.174999999999999822e-01	-1.017798654711345131e-04
4.178120000000000167e-01	-3.869544053497176676e-04
4.181250000000000244e-01	-6.765906600580877481e-04
4.184370000000000034e-01	-9.725722037545659520e-04
4.187500000000000111e-01	-1.273017556660106450e-03
4.190619999999999901e-01	-1.579880049044380405e-03
4.193749999999999978e-01	-1.891245295847691996e-03
4.196869999999999767e-01	-2.209139740127769990e-03
4.199999999999999845e-01	-2.531544366388258863e-03
4.203120000000000189e-01	-2.860557005633464732e-03
4.206250000000000266e-01	-3.194123445255558653e-03
4.209370000000000056e-01	-3.534413066344415776e-03
4.212500000000000133e-01	-3.879265460168976939e-03
4.215619999999999923e-01	-4.230920796945368198e-03
4.218750000000000000e-01	-4.587180182292359756e-03
4.221869999999999790e-01	-4.950358464900711866e-03
4.224999999999999867e-01	-5.318147430850566661e-03
4.228120000000000211e-01	-5.692931166198349387e-03
4.231249999999999734e-01	-6.072361439507984772e-03
4.234370000000000078e-01	-6.458898517334932948e-03
4.237500000000000155e-01	-6.850078721240118740e-03
4.240619999999999945e-01	-7.248432967644601564e-03
4.243750000000000022e-01	-7.651457759536482717e-03
4.246869999999999812e-01	-8.061759940183099715e-03
4.249999999999999889e-01	-8.476717770410922489e-03
4.253120000000000234e-01	-8.899006803652256825e-03
4.256249999999999756e-01	-9.325964397918124621e-03
4.259370000000000100e-01	-9.760341471470807342e-03
4.262500000000000178e-01	-1.019935314139251703e-02
4.265619999999999967e-01	-1.064582292545901074e-02
4.268750000000000044e-01	-1.109692436152827540e-02
4.271869999999999834e-01	-1.155555223894083952e-02
4.274999999999999911e-01	-1.201875740700234299e-02
4.278120000000000256e-01	-1.248950601614249797e-02
4.281249999999999778e-01	-1.296480405387274645e-02
4.284370000000000123e-01	-1.344769051881554434e-02
4.287500000000000200e-01	-1.393504728748319078e-02
4.290619999999999989e-01	-1.442998131765081508e-02
4.293750000000000067e-01	-1.492933009155376564e-02
4.296869999999999856e-01	-1.543627276859355253e-02
4.299999999999999933e-01	-1.594752354562220184e-02
4.303119999999999723e-01	-1.646632697979434623e-02
4.306249999999999800e-01	-1.698935096382621357e-02
4.309370000000000145e-01	-1.751990929721169293e-02
4.312500000000000222e-01	-1.805454820867467489e-02
4.315620000000000012e-01	-1.859664505523314637e-02
4.318750000000000089e-01	-1.914270026878153730e-02
4.321869999999999878e-01	-1.969615193388882246e-02
4.324999999999999956e-01	-2.025337671960133687e-02
4.328119999999999745e-01	-2.081786562950038028e-02
4.331249999999999822e-01	-2.138593566943003746e-02
4.334370000000000167e-01	-2.196112245608633842e-02
4.337500000000000244e-01	-2.253960946433199164e-02
4.340620000000000034e-01	-2.312496172468225461e-02
4.343750000000000111e-01	-2.371329154985431231e-02
4.346869999999999901e-01	-2.430818192005494011e-02
4.349999999999999978e-01	-2.490560506182629488e-02
4.353119999999999767e-01	-2.550915243037487484e-02
4.356249999999999845e-01	-2.611470990074923545e-02
4.359370000000000189e-01	-2.672585880192378596e-02
4.362500000000000266e-01	-2.733834953826508665e-02
4.365620000000000056e-01	-2.795574094319351263e-02
4.368750000000000133e-01	-2.857369077301529642e-02
4.371869999999999923e-01	-2.919571190516667344e-02
4.375000000000000000e-01	-2.981733475211994361e-02
4.378119999999999790e-01	-3.044201322938549711e-02
4.381249999999999867e-01	-3.106518007804803805e-02
4.384370000000000211e-01	-3.169020259355039698e-02
4.387499999999999734e-01	-3.231241200597725904e-02
4.390620000000000078e-01	-3.293506828564263245e-02
4.393750000000000155e-01	-3.355340450383197115e-02
4.396869999999999945e-01	-3.417054371783567746e-02
4.400000000000000022e-01	-3.478165493908184913e-02
4.403119999999999812e-01	-3.538969815572050315e-02
4.406249999999999889e-01	-3.598974842803836366e-02
4.409370000000000234e-01	-3.658456251826792960e-02
4.412499999999999756e-01	-3.716920846398501926e-02
4.415620000000000100e-01	-3.774621351607376774e-02
4.418750000000000178e-01	-3.831056398605667962e-02
4.421869999999999967e-01	-3.886450446567237677e-02
4.425000000000000044e-01	-3.940309571115888782e-02
4.428119999999999834e-01	-3.992829420902701404e-02
4.431249999999999911e-01	-4.043515350380719880e-02
4.434370000000000256e-01	-4.092535506230107062e-02
4.437499999999999778e-01	-4.139426295024362101e-02
4.440620000000000123e-01	-4.184334026393290995e-02
4.443750000000000200e-01	-4.226813625580578410e-02
4.446869999999999989e-01	-4.266991843070553486e-02
4.450000000000000067e-01	-4.304482377036262380e-02
4.453119999999999856e-01	-4.339397743543515346e-02
4.456249999999999933e-01	-4.371389738276410669e-02
4.459369999999999723e-01	-4.400560600269409761e-02
4.462499999999999800e-01	-4.426646191036563011e-02
4.465620000000000145e-01	-4.449744373399009550e-02
4.468750000000000222e-01	-4.469647455452555734e-02
4.471870000000000012e-01	-4.486452322260001818e-02
4.475000000000000089e-01	-4.500049608227268960e-02
4.478119999999999878e-01	-4.510531721637822677e-02
4.481249999999999956e-01	-4.517843120606181845e-02
4.484369999999999745e-01	-4.522066974557004820e-02
4.487499999999999822e-01	-4.523235535569237326e-02
4.490620000000000167e-01	-4.521417606391255062e-02
4.493750000000000244e-01	-4.516687716210367881e-02
4.496870000000000034e-01	-4.509097501041325201e-02
4.500000000000000111e-01	-4.498793950901248256e-02
4.503119999999999901e-01	-4.485807005616607168e-02
4.506249999999999978e-01	-4.470313111398971362e-02
4.509369999999999767e-01	-4.452318962006037578e-02
4.512499999999999845e-01	-4.432055343915177609e-02
4.515620000000000189e-01	-4.409501473631918106e-02
4.518750000000000266e-01	-4.384904036713205971e-02
4.521870000000000056e-01	-4.358213690407603674e-02
4.525000000000000133e-01	-4.329712411981270770e-02
4.528119999999999923e-01	-4.299319155668408082e-02
4.531250000000000000e-01	-4.267321233210356890e-02
4.534369999999999790e-01	-4.233609066491474116e-02
4.537499999999999867e-01	-4.198494898573575801e-02
4.540620000000000211e-01	-4.161842061133729648e-02
4.543749999999999734e-01	-4.123966069856876970e-02
4.546870000000000078e-01	-4.084706948181442837e-02
4.550000000000000155e-01	-4.044398882654404864e-02
4.553119999999999945e-01	-4.002859768211404490e-02
4.556250000000000022e-01	-3.960425325255018114e-02
4.559369999999999812e-01	-3.916894680873780898e-02
4.562499999999999889e-01	-3.872616901605396844e-02
4.565620000000000234e-01	-3.827373227016987733e-02
4.568749999999999756e-01	-3.781513117554687747e-02
4.571870000000000100e-01	-3.734802999441062116e-02
4.575000000000000178e-01	-3.687601082664187374e-02
4.578119999999999967e-01	-3.639660054895145491e-02
4.581250000000000044e-01	-3.591337611852688655e-02
4.584369999999999834e-01	-3.542374743818300226e-02
4.587499999999999911e-01	-3.493134124080995995e-02
4.590620000000000256e-01	-3.443346342645316194e-02
4.593749999999999778e-01	-3.393372671242216726e-02
4.596870000000000123e-01	-3.342935264665276851e-02
4.600000000000000200e-01	-3.292397683492179900e-02
4.603119999999999989e-01	-3.241474264528208804e-02
4.606250000000000067e-01	-3.190526397875795284e-02
4.609369999999999856e-01	-3.139262676836862553e-02
4.612499999999999933e-01	-3.088044338327236918e-02
4.615619999999999723e-01	-3.036574661366448977e-02
4.618749999999999800e-01	-2.985212629833427708e-02
4.621870000000000145e-01	-2.933657799517194742e-02
4.625000000000000222e-01	-2.882267060414695978e-02
4.628120000000000012e-01	-2.830736982170703811e-02
4.631250000000000089e-01	-2.779421813805139918e-02
4.634369999999999878e-01	-2.728016585636225400e-02
4.637499999999999956e-01	-2.676871955750910817e-02
4.640619999999999745e-01	-2.625681089868008369e-02
4.643749999999999822e-01	-2.574792034938991683e-02
4.646870000000000167e-01	-2.523898038249571332e-02
4.650000000000000244e-01	-2.473341835950332648e-02
4.653120000000000034e-01	-2.422816473896552067e-02
4.656250000000000111e-01	-2.372661867217783563e-02
4.659369999999999901e-01	-2.322571923692670973e-02
4.662499999999999978e-01	-2.272880207174578920e-02
4.665619999999999767e-01	-2.223281724605849843e-02
4.668749999999999845e-01	-2.174107054690298246e-02
4.671870000000000189e-01	-2.125052962037461690e-02
4.675000000000000266e-01	-2.076442977772155127e-02
4.678120000000000056e-01	-2.027975618202818020e-02
4.681250000000000133e-01	-1.979971286065285163e-02
4.684369999999999923e-01	-1.932131446012951698e-02
4.687500000000000000e-01	-1.884768766847059324e-02
4.690619999999999790e-01	-1.837587269646973401e-02
4.693749999999999867e-01	-1.790896657958752566e-02
4.696870000000000211e-01	-1.744404015599337540e-02
4.699999999999999734e-01	-1.698411230613276757e-02
4.703120000000000078e-01	-1.652628770351753998e-02
4.706250000000000155e-01	-1.607355226362923786e-02
4.709369999999999945e-01	-1.562305053823543136e-02
4.712500000000000022e-01	-1.517768906429940549e-02
4.715619999999999812e-01	-1.473464876546228507e-02
4.718749999999999889e-01	-1.429680557120605912e-02
4.721870000000000234e-01	-1.386138237233593834e-02
4.724999999999999756e-01	-1.343117694331884097e-02
4.728120000000000100e-01	-1.300345490805738212e-02
4.731250000000000178e-01	-1.258098345343121489e-02
4.734369999999999967e-01	-1.216107466663369011e-02
4.737500000000000044e-01	-1.174641632618465131e-02
4.740619999999999834e-01	-1.133436437640602396e-02
4.743749999999999911e-01	-1.092758122055450219e-02
4.746870000000000256e-01	-1.052347484163865948e-02
4.749999999999999778e-01	-1.012462738904454373e-02
4.753120000000000123e-01	-9.728494602205412997e-03
4.756250000000000200e-01	-9.337634060965663979e-03
4.759369999999999989e-01	-8.949555816376471296e-03
4.762500000000000067e-01	-8.566741153390610222e-03
4.765619999999999856e-01	-8.186750142467589392e-03
4.768749999999999933e-01	-7.812040324634992629e-03
4.771869999999999723e-01	-7.440229951424339946e-03
4.774999999999999800e-01	-7.073699463249575985e-03
4.778120000000000145e-01	-6.710117986508493636e-03
4.781250000000000222e-01	-6.351844416017091155e-03
4.784370000000000012e-01	-5.996605477335109277e-03
4.787500000000000089e-01	-5.646680378397391821e-03
4.790619999999999878e-01	-5.299849360606847040e-03
4.793749999999999956e-01	-4.958368942374484327e-03
4.796869999999999745e-01	-4.620076611140043824e-03
4.799999999999999822e-01	-4.287146393327842010e-03
4.803120000000000167e-01	-3.957470585354668641e-03
4.806250000000000244e-01	-3.633197639437874080e-03
4.809370000000000034e-01	-3.312278460795257517e-03
4.812500000000000111e-01	-2.996779168812391345e-03
4.815619999999999901e-01	-2.684705664691035623e-03
4.818749999999999978e-01	-2.378095943152266564e-03
4.821869999999999767e-01	-2.075016158965381063e-03
4.824999999999999845e-01	-1.777418131422988387e-03
4.828120000000000189e-01	-1.483424381502899915e-03
4.831250000000000266e-01	-1.194959861157015484e-03
4.834370000000000056e-01	-9.102070405469931801e-04
4.837500000000000133e-01	-6.310006337668121927e-04
4.840619999999999923e-01	-3.555813681459927991e-04
4.843750000000000000e-01	-8.575612954005068012e-05
4.846869999999999790e-01	1.801735963344205623e-04
4.849999999999999867e-01	4.404941466293768679e-04
4.853120000000000211e-01	6.968443535263384777e-04
4.856249999999999734e-01	9.475399540706969667e-04
4.859370000000000078e-01	1.194157770701164073e-03
4.862500000000000155e-01	1.435109246287556489e-03
4.865619999999999945e-01	1.671910764683459108e-03
4.868750000000000022e-01	1.903004371266332805e-03
4.871869999999999812e-01	2.129843569768740622e-03
4.874999999999999889e-01	2.350968977175746724e-03
4.878120000000000234e-01	2.567772222261582252e-03
4.881249999999999756e-01	2.778825617714512745e-03
4.884370000000000100e-01	2.985457162169935855e-03
4.887500000000000178e-01	3.186340164052317916e-03
4.890619999999999967e-01	3.382740229287843452e-03
4.893750000000000044e-01	3.573363301018098875e-03
4.896869999999999834e-01	3.759410461773638346e-03
4.899999999999999911e-01	3.939691204868626777e-03
4.903120000000000256e-01	4.115343273649980753e-03
4.906249999999999778e-01	4.285209686421987720e-03
4.909370000000000123e-01	4.450363296084675589e-03
4.912500000000000200e-01	4.609751911528727972e-03
4.915619999999999989e-01	4.764384333754897831e-03
4.918750000000000067e-01	4.913242547189623430e-03
4.921869999999999856e-01	5.057269095644038349e-03
4.924999999999999933e-01	5.195551440486462051e-03
4.928119999999999723e-01	5.328967444966807750e-03
4.931249999999999800e-01	5.456638541077261755e-03
4.934370000000000145e-01	5.579375660956410396e-03
4.937500000000000222e-01	5.696406490413351634e-03
4.940620000000000012e-01	5.808476245523661215e-03
4.943750000000000089e-01	5.914846480264340962e-03
4.946869999999999878e-01	6.016195318952663983e-03
4.949999999999999956e-01	6.111890527604339589e-03
4.953119999999999745e-01	6.202543980309978625e-03
4.956249999999999822e-01	6.287557335126404967e-03
4.959370000000000167e-01	6.367474771089251181e-03
4.962500000000000244e-01	6.441803944429656294e-03
4.965620000000000034e-01	6.511022725268197919e-03
4.968750000000000111e-01	6.574672527590149675e-03
4.971869999999999901e-01	6.633163231029834232e-03
4.974999999999999978e-01	6.686141886664067301e-03
4.978119999999999767e-01	6.733951993095026525e-03
4.981249999999999845e-01	6.776273933414311314e-03
4.984370000000000189e-01	6.813383049619805773e-03
4.987500000000000266e-01	6.845065018120045398e-03
4.990620000000000056e-01	6.871528501564787977e-03
4.993750000000000133e-01	6.892592222893149587e-03
4.996869999999999923e-01	6.908396965875995312e-03
5.000000000000000000e-01	6.918866042309870096e-03
