# T 	 Position
6.250000000000000130e-04	0.000000000000000000e+00
9.374999999999999653e-04	9.823181809425710759e-03
1.250000000000000026e-03	9.495641286086712457e-03
1.562500000000000087e-03	9.161844917334953375e-03
1.874999999999999931e-03	8.823287889080266844e-03
2.187500000000000208e-03	8.480742662234490650e-03
2.500000000000000052e-03	8.134650643032956957e-03
2.812499999999999896e-03	7.785283824754484806e-03
3.125000000000000173e-03	7.432831825570589308e-03
3.437500000000000017e-03	7.077460949943175164e-03
3.749999999999999861e-03	6.719328176850301870e-03
4.062500000000000139e-03	6.358568725807724892e-03
4.375000000000000416e-03	5.995303828105427550e-03
4.687499999999999827e-03	5.629656269280705616e-03
5.000000000000000104e-03	5.261748834870853993e-03
5.312500000000000382e-03	4.891693430682011665e-03
5.624999999999999792e-03	4.519591082789167769e-03
5.937500000000000069e-03	4.145542817267313176e-03
6.250000000000000347e-03	3.769651214438741234e-03
6.562499999999999757e-03	3.392009529141903554e-03
6.875000000000000035e-03	3.012700136484101031e-03
7.187500000000000312e-03	2.631805411572628924e-03
7.499999999999999722e-03	2.249412392256709865e-03
7.812500000000000000e-03	1.865597236654413169e-03
8.125000000000000278e-03	1.480425223152653531e-03
8.437500000000000555e-03	1.093964738632960355e-03
8.750000000000000833e-03	7.062857242241732175e-04
9.062499999999999375e-03	3.174503498185927042e-04
9.374999999999999653e-03	-7.248698592801569856e-05
9.687499999999999931e-03	-4.634734386072008510e-04
1.000000000000000021e-02	-8.554546095631972939e-04
1.031250000000000049e-02	-1.248380762882164664e-03
1.062500000000000076e-02	-1.642209933886800083e-03
1.093749999999999931e-02	-2.036901712147108027e-03
1.124999999999999958e-02	-2.432414132985782906e-03
1.156249999999999986e-02	-2.828709894467448891e-03
1.187500000000000014e-02	-3.225757911645953709e-03
1.218750000000000042e-02	-3.623527099575146824e-03
1.250000000000000069e-02	-4.021984819061570453e-03
1.281249999999999924e-02	-4.421106202148304340e-03
1.312499999999999951e-02	-4.820871043620345194e-03
1.343749999999999979e-02	-5.221257584015398523e-03
1.375000000000000007e-02	-5.622244063871153358e-03
1.406250000000000035e-02	-6.023814940714535514e-03
1.437500000000000062e-02	-6.425959334814390807e-03
1.468749999999999917e-02	-6.828663257944953165e-03
1.499999999999999944e-02	-7.231915830375066669e-03
1.531249999999999972e-02	-7.635709280868198563e-03
1.562500000000000000e-02	-8.040040500929731757e-03
1.593750000000000028e-02	-8.444907936312357269e-03
1.625000000000000056e-02	-8.850305370026848722e-03
1.656250000000000083e-02	-9.256234356320509893e-03
1.687500000000000111e-02	-9.662701112182573229e-03
1.718750000000000139e-02	-1.006970874610765149e-02
1.750000000000000167e-02	-1.047726192083766814e-02
1.781249999999999847e-02	-1.088536996185647011e-02
1.812499999999999875e-02	-1.129404530314251365e-02
1.843749999999999903e-02	-1.170329882442695639e-02
1.874999999999999931e-02	-1.211314140544094732e-02
1.906249999999999958e-02	-1.252358858865756409e-02
1.937499999999999986e-02	-1.293465902504449365e-02
1.968750000000000014e-02	-1.334636825707481537e-02
2.000000000000000042e-02	-1.375873182722160172e-02
2.031250000000000069e-02	-1.417176838645254136e-02
2.062500000000000097e-02	-1.458549813998263195e-02
2.093750000000000125e-02	-1.499993973877956736e-02
2.125000000000000153e-02	-1.541511027956373077e-02
2.156249999999999833e-02	-1.583102841330281257e-02
2.187499999999999861e-02	-1.624771434521180002e-02
2.218749999999999889e-02	-1.666518517201108843e-02
2.249999999999999917e-02	-1.708345643617375023e-02
2.281249999999999944e-02	-1.750254523442016513e-02
2.312499999999999972e-02	-1.792246866347071282e-02
2.343750000000000000e-02	-1.834324071155117239e-02
2.375000000000000028e-02	-1.876487225839268413e-02
2.406250000000000056e-02	-1.918737573797371643e-02
2.437500000000000083e-02	-1.961076358427272723e-02
2.468750000000000111e-02	-2.003504512277355654e-02
2.500000000000000139e-02	-2.046022501621813650e-02
2.531250000000000167e-02	-2.088630792734838190e-02
2.562499999999999847e-02	-2.131330007315352174e-02
2.593749999999999875e-02	-2.174120300788086671e-02
2.624999999999999903e-02	-2.217001206878849509e-02
2.656249999999999931e-02	-2.259972259313448861e-02
2.687499999999999958e-02	-2.303033147242422585e-02
2.718749999999999986e-02	-2.346182938117386332e-02
2.750000000000000014e-02	-2.389420077691032859e-02
2.781250000000000042e-02	-2.432743167140784604e-02
2.812500000000000069e-02	-2.476150807644066087e-02
2.843750000000000097e-02	-2.519640978679376156e-02
2.875000000000000125e-02	-2.563211038026292493e-02
2.906250000000000153e-02	-2.606858188039662405e-02
2.937499999999999833e-02	-2.650579631074331116e-02
2.968749999999999861e-02	-2.694371947786221994e-02
2.999999999999999889e-02	-2.738231097132336547e-02
3.031249999999999917e-02	-2.782152882644944522e-02
3.062499999999999944e-02	-2.826132952431584244e-02
3.093749999999999972e-02	-2.870166332900872183e-02
3.125000000000000000e-02	-2.914247428762500522e-02
3.156250000000000028e-02	-2.958370644726162485e-02
3.187500000000000056e-02	-3.002529763802628052e-02
3.218750000000000083e-02	-3.046717791879013579e-02
3.250000000000000111e-02	-3.090927113143512178e-02
3.281250000000000139e-02	-3.135149179235932615e-02
3.312500000000000167e-02	-3.179374042973506787e-02
3.343750000000000194e-02	-3.223590513775620447e-02
3.375000000000000222e-02	-3.267786002239082138e-02
3.406250000000000250e-02	-3.311945898439201674e-02
3.437500000000000278e-02	-3.356053416505058035e-02
3.468750000000000305e-02	-3.400089750044229392e-02
3.500000000000000333e-02	-3.444034072142796582e-02
3.531249999999999667e-02	-3.487862913666415349e-02
3.562499999999999695e-02	-3.531549230711932691e-02
3.593749999999999722e-02	-3.575063648005239597e-02
3.624999999999999750e-02	-3.618374303476531995e-02
3.656249999999999778e-02	-3.661445449437734923e-02
3.687499999999999806e-02	-3.704236830883585185e-02
3.718749999999999833e-02	-3.746705550588394495e-02
3.749999999999999861e-02	-3.788805758256591494e-02
3.781249999999999889e-02	-3.830486630001219556e-02
3.812499999999999917e-02	-3.871691435795555913e-02
3.843749999999999944e-02	-3.912360492542990564e-02
3.874999999999999972e-02	-3.952431164077030434e-02
3.906250000000000000e-02	-3.991834752666684194e-02
3.937500000000000028e-02	-4.030495100193882962e-02
3.968750000000000056e-02	-4.068333095470673400e-02
4.000000000000000083e-02	-4.105266829663949818e-02
4.031250000000000111e-02	-4.141206778128799643e-02
4.062500000000000139e-02	-4.176053935311735410e-02
4.093750000000000167e-02	-4.209706653438841095e-02
4.125000000000000194e-02	-4.242061264214708888e-02
4.156250000000000222e-02	-4.273004727232661976e-02
4.187500000000000250e-02	-4.302412189806487791e-02
4.218750000000000278e-02	-4.330156918610731515e-02
4.250000000000000305e-02	-4.356111480908648331e-02
4.281250000000000333e-02	-4.380138745460297051e-02
4.312499999999999667e-02	-4.402091183111248723e-02
4.343749999999999695e-02	-4.421826471435551936e-02
4.374999999999999722e-02	-4.439210323465838520e-02
4.406249999999999750e-02	-4.454104799753566546e-02
4.437499999999999778e-02	-4.466367624500205274e-02
4.468749999999999806e-02	-4.475871349426539109e-02
4.499999999999999833e-02	-4.482506058162978591e-02
4.531249999999999861e-02	-4.486164041371114297e-02
4.562499999999999889e-02	-4.486739725248335003e-02
4.593749999999999917e-02	-4.484151552221426335e-02
4.624999999999999944e-02	-4.478344355836454821e-02
4.656249999999999972e-02	-4.469271235126669878e-02
4.687500000000000000e-02	-4.456894219830347809e-02
4.718750000000000028e-02	-4.441205663050735997e-02
4.750000000000000056e-02	-4.422227277622720054e-02
4.781250000000000083e-02	-4.399987552899448096e-02
4.812500000000000111e-02	-4.374520853288886568e-02
4.843750000000000139e-02	-4.345886411155928247e-02
4.875000000000000167e-02	-4.314166477268085303e-02
4.906250000000000194e-02	-4.279444747842867797e-02
4.937500000000000222e-02	-4.241806317920362307e-02
4.968750000000000250e-02	-4.201354389521787941e-02
5.000000000000000278e-02	-4.158208639689824071e-02
5.031250000000000305e-02	-4.112485481547802774e-02
5.062500000000000333e-02	-4.064298530573904472e-02
5.093749999999999667e-02	-4.013772748251652478e-02
5.124999999999999695e-02	-3.961042266123689093e-02
5.156249999999999722e-02	-3.906233755345572128e-02
5.187499999999999750e-02	-3.849467670083637355e-02
5.218749999999999778e-02	-3.790868660971946635e-02
5.249999999999999806e-02	-3.730563399166062638e-02
5.281249999999999833e-02	-3.668668453214048858e-02
5.312499999999999861e-02	-3.605292309577971116e-02
5.343749999999999889e-02	-3.540544076418816744e-02
5.374999999999999917e-02	-3.474533328171765245e-02
5.406249999999999944e-02	-3.407361090911806278e-02
5.437499999999999972e-02	-3.339121707450505572e-02
5.468750000000000000e-02	-3.269909209749967405e-02
5.500000000000000028e-02	-3.199817163498105271e-02
5.531250000000000056e-02	-3.128932295694678012e-02
5.562500000000000083e-02	-3.057336048898600528e-02
5.593750000000000111e-02	-2.985109088545131323e-02
5.625000000000000139e-02	-2.912330525822224431e-02
5.656250000000000167e-02	-2.839074032052256100e-02
5.687500000000000194e-02	-2.765409392939333424e-02
5.718750000000000222e-02	-2.691404684515525877e-02
5.750000000000000250e-02	-2.617126273140864268e-02
5.781250000000000278e-02	-2.542636328707649149e-02
5.812500000000000305e-02	-2.467994223463028380e-02
5.843750000000000333e-02	-2.393257153707918639e-02
5.874999999999999667e-02	-2.318479828947543966e-02
5.906249999999999695e-02	-2.243714161041977101e-02
5.937499999999999722e-02	-2.169010196754517228e-02
5.968749999999999750e-02	-2.094415651477506482e-02
5.999999999999999778e-02	-2.019975442958132222e-02
6.031249999999999806e-02	-1.945732468422082043e-02
6.062499999999999833e-02	-1.871728692546658496e-02
6.093749999999999861e-02	-1.798003282364011440e-02
6.124999999999999889e-02	-1.724592607261137348e-02
6.156249999999999917e-02	-1.651532104076646953e-02
6.187499999999999944e-02	-1.578856898799689892e-02
6.218749999999999972e-02	-1.506599164349532380e-02
6.250000000000000000e-02	-1.434788120575555478e-02
6.281249999999999334e-02	-1.363452831902409873e-02
6.312500000000000056e-02	-1.292622829028939116e-02
6.343749999999999389e-02	-1.222324534159367586e-02
6.375000000000000111e-02	-1.152581261003313845e-02
6.406249999999999445e-02	-1.083416789544576660e-02
6.437500000000000167e-02	-1.014855832315351633e-02
6.468749999999999500e-02	-9.469198379284764905e-03
6.500000000000000222e-02	-8.796269910774553655e-03
6.531249999999999556e-02	-8.129965644288953200e-03
6.562500000000000278e-02	-7.470489186225311509e-03
6.593749999999999611e-02	-6.818011503787389099e-03
6.625000000000000333e-02	-6.172670924985616640e-03
6.656249999999999667e-02	-5.534618211808767403e-03
6.687500000000000389e-02	-4.904021222966108845e-03
6.718749999999999722e-02	-4.281013623726033675e-03
6.750000000000000444e-02	-3.665696440163585239e-03
6.781249999999999778e-02	-3.058186240826772217e-03
6.812500000000000500e-02	-2.458616690984094001e-03
6.843749999999999833e-02	-1.867090370957792981e-03
6.875000000000000555e-02	-1.283677221876762401e-03
6.906249999999999889e-02	-7.084658358374787933e-04
6.937500000000000611e-02	-1.415634559042066524e-04
6.968749999999999944e-02	4.169537598050309757e-04
7.000000000000000666e-02	9.670422923655763985e-04
7.031250000000000000e-02	1.508636863390558965e-03
7.062499999999999334e-02	2.041648880783405486e-03
7.093750000000000056e-02	2.566023945888375180e-03
7.124999999999999389e-02	3.081738744995879322e-03
7.156250000000000111e-02	3.588746650686646354e-03
7.187499999999999445e-02	4.086976167584573799e-03
7.218750000000000167e-02	4.576385331012315302e-03
7.249999999999999500e-02	5.056966369733376272e-03
7.281250000000000222e-02	5.528685090306948748e-03
7.312499999999999556e-02	5.991479322840770685e-03
7.343750000000000278e-02	6.445319536635967135e-03
7.374999999999999611e-02	6.890205731692574526e-03
7.406250000000000333e-02	7.326111485806325457e-03
7.437499999999999667e-02	7.752982400321490643e-03
7.468750000000000389e-02	8.170792053033807886e-03
7.499999999999999722e-02	8.579545106685241423e-03
7.531250000000000444e-02	8.979218247566134875e-03
7.562499999999999778e-02	9.369757077020765892e-03
7.593750000000000500e-02	9.751136727092173453e-03
7.624999999999999833e-02	1.012336186052231919e-02
7.656250000000000555e-02	1.048640605510694178e-02
7.687499999999999889e-02	1.084021180369568876e-02
7.718750000000000611e-02	1.118475112983700545e-02
7.749999999999999944e-02	1.152002403353091613e-02
7.781250000000000666e-02	1.184600098407854671e-02
7.812500000000000000e-02	1.216261981158762127e-02
7.843749999999999334e-02	1.246984709974101324e-02
7.875000000000000056e-02	1.276768067259249385e-02
7.906249999999999389e-02	1.305608649212603757e-02
7.937500000000000111e-02	1.333499943537945487e-02
7.968749999999999445e-02	1.360438453178833274e-02
8.000000000000000167e-02	1.386423711861073903e-02
8.031249999999999500e-02	1.411452175900807827e-02
8.062500000000000222e-02	1.435517130949662268e-02
8.093749999999999556e-02	1.458614955611416651e-02
8.125000000000000278e-02	1.480745183611873773e-02
8.156249999999999611e-02	1.501904224639757229e-02
8.187500000000000333e-02	1.522085302176802088e-02
8.218749999999999667e-02	1.541284825911731771e-02
8.250000000000000389e-02	1.559502438367662940e-02
8.281249999999999722e-02	1.576734658030628719e-02
8.312500000000000444e-02	1.592974817179678218e-02
8.343749999999999778e-02	1.608219543098155652e-02
8.375000000000000500e-02	1.622468789158641039e-02
8.406249999999999833e-02	1.635719384696627046e-02
8.437500000000000555e-02	1.647965019468044384e-02
8.468749999999999889e-02	1.659202771487956404e-02
8.500000000000000611e-02	1.669433138115500315e-02
8.531249999999999944e-02	1.678653570385092025e-02
8.562500000000000666e-02	1.686858410836531569e-02
8.593750000000000000e-02	1.694045514608537306e-02
8.624999999999999334e-02	1.700216296066155847e-02
8.656250000000000056e-02	1.705369154334661699e-02
8.687499999999999389e-02	1.709499488842025280e-02
8.718750000000000111e-02	1.712606345280398915e-02
8.749999999999999445e-02	1.714692442028323272e-02
8.781250000000000167e-02	1.715757589467627534e-02
8.812499999999999500e-02	1.715798714851383619e-02
8.843750000000000222e-02	1.714816526916364964e-02
8.874999999999999556e-02	1.712815542305247407e-02
8.906250000000000278e-02	1.709797487786789486e-02
8.937499999999999611e-02	1.705761387293680542e-02
8.968750000000000333e-02	1.700710176799086551e-02
8.999999999999999667e-02	1.694650726076104771e-02
9.031250000000000389e-02	1.687587278219886133e-02
9.062499999999999722e-02	1.679521605072361798e-02
9.093750000000000444e-02	1.670459503975986817e-02
9.124999999999999778e-02	1.660410751146326747e-02
9.156250000000000500e-02	1.649382744800564904e-02
9.187499999999999833e-02	1.637380660582234831e-02
9.218750000000000555e-02	1.624413730720344895e-02
9.249999999999999889e-02	1.610495275114318461e-02
9.281250000000000611e-02	1.595636453259825435e-02
9.312499999999999944e-02	1.579846497385870713e-02
9.343750000000000666e-02	1.563138711849407919e-02
9.375000000000000000e-02	1.545530395422968842e-02
9.406249999999999334e-02	1.527036841900060796e-02
9.437500000000000056e-02	1.507671650944624082e-02
9.468749999999999389e-02	1.487452261211446441e-02
9.500000000000000111e-02	1.466399779378967615e-02
9.531249999999999445e-02	1.444533369316487563e-02
9.562500000000000167e-02	1.421870547391163378e-02
9.593749999999999500e-02	1.398432187144333164e-02
9.625000000000000222e-02	1.374242286154425847e-02
9.656249999999999556e-02	1.349322790393422088e-02
9.687500000000000278e-02	1.323693936161269603e-02
9.718749999999999611e-02	1.297378586435857760e-02
9.750000000000000333e-02	1.270401966650989804e-02
9.781249999999999667e-02	1.242787095209290336e-02
9.812500000000000389e-02	1.214555094331667799e-02
9.843749999999999722e-02	1.185728982420745405e-02
9.875000000000000444e-02	1.156333440923769211e-02
9.906249999999999778e-02	1.126390851001963546e-02
9.937500000000000500e-02	1.095921666549900739e-02
9.968749999999999833e-02	1.064947678114826733e-02
1.000000000000000056e-01	1.033491733132166877e-02
1.003119999999999984e-01	1.001574332123903247e-02
1.006250000000000061e-01	9.692663679155881506e-03
1.009369999999999989e-01	9.364312651904549076e-03
1.012500000000000067e-01	9.032986954461551254e-03
1.015619999999999995e-01	8.696744842041045573e-03
1.018749999999999933e-01	8.357897761397239944e-03
1.021870000000000001e-01	8.014443299876571059e-03
1.024999999999999939e-01	7.668748300094053311e-03
1.028120000000000006e-01	7.318753998605802974e-03
1.031249999999999944e-01	6.966837990931383853e-03
1.034370000000000012e-01	6.610886068030142997e-03
1.037499999999999950e-01	6.253320100332166766e-03
1.040620000000000017e-01	5.891981877433821908e-03
1.043749999999999956e-01	5.529298203567840735e-03
1.046870000000000023e-01	5.163065608649010201e-03
1.049999999999999961e-01	4.795746826134202750e-03
1.053120000000000028e-01	4.425099333298669960e-03
1.056249999999999967e-01	4.053592349162434168e-03
1.059370000000000034e-01	3.678945606415754289e-03
1.062499999999999972e-01	3.303655430151701544e-03
1.065620000000000039e-01	2.925407961424291402e-03
1.068749999999999978e-01	2.546703912034220269e-03
1.071870000000000045e-01	2.165199755562897434e-03
1.074999999999999983e-01	1.783418565077877875e-03
1.078120000000000051e-01	1.398989305226623495e-03
1.081249999999999989e-01	1.014435118706974535e-03
1.084370000000000056e-01	6.273578541461645409e-04
1.087499999999999994e-01	2.402991261604205413e-04
1.090620000000000062e-01	-1.491583848442017916e-04
1.093750000000000000e-01	-5.384718208536288858e-04
1.096870000000000067e-01	-9.300838518570887260e-04
1.100000000000000006e-01	-1.321437852939560953e-03
1.103119999999999934e-01	-1.714994244837934282e-03
1.106250000000000011e-01	-2.108194840929477395e-03
1.109369999999999939e-01	-2.503518126035008534e-03
1.112500000000000017e-01	-2.898397727000336273e-03
1.115619999999999945e-01	-3.295327561700381758e-03
1.118750000000000022e-01	-3.691738750290883206e-03
1.121869999999999951e-01	-4.090142812186664881e-03
1.125000000000000028e-01	-4.487962999321897656e-03
1.128119999999999956e-01	-4.887722976621579341e-03
1.131250000000000033e-01	-5.286848194347265086e-03
1.134369999999999962e-01	-5.687875353206963032e-03
1.137500000000000039e-01	-6.088220254694931902e-03
1.140619999999999967e-01	-6.490433644941274310e-03
1.143750000000000044e-01	-6.891933056250050017e-03
1.146869999999999973e-01	-7.295279748923528228e-03
1.150000000000000050e-01	-7.697887117237746900e-03
1.153119999999999978e-01	-8.102328193985781218e-03
1.156250000000000056e-01	-8.506012484095208659e-03
1.159369999999999984e-01	-8.911526150640352098e-03
1.162500000000000061e-01	-9.316274948460890812e-03
1.165619999999999989e-01	-9.722853421132634025e-03
1.168750000000000067e-01	-1.012866827842479403e-02
1.171869999999999995e-01	-1.053632556783005991e-02
1.174999999999999933e-01	-1.094322665748049747e-02
1.178120000000000001e-01	-1.135198767136492114e-02
1.181249999999999939e-01	-1.176000758034440562e-02
1.184370000000000006e-01	-1.216991435052878871e-02
1.187499999999999944e-01	-1.257910118341316712e-02
1.190620000000000012e-01	-1.299020508212292251e-02
1.193749999999999950e-01	-1.340061625405113317e-02
1.196870000000000017e-01	-1.381298266411858967e-02
1.199999999999999956e-01	-1.422468645255315148e-02
1.203120000000000023e-01	-1.463838387027885032e-02
1.206249999999999961e-01	-1.505145165620330218e-02
1.209370000000000028e-01	-1.546655636155830869e-02
1.212499999999999967e-01	-1.588106262947722516e-02
1.215620000000000034e-01	-1.629764623223027564e-02
1.218749999999999972e-01	-1.671366391488771086e-02
1.221870000000000039e-01	-1.713180113827576442e-02
1.224999999999999978e-01	-1.754940316841577599e-02
1.228120000000000045e-01	-1.796916250873937734e-02
1.231249999999999983e-01	-1.838841250854294715e-02
1.234370000000000051e-01	-1.880985623516621963e-02
1.237499999999999989e-01	-1.923081317153279429e-02
1.240620000000000056e-01	-1.965399265668114556e-02
1.243749999999999994e-01	-2.007670308242608809e-02
1.246870000000000062e-01	-2.050166347138851139e-02
1.250000000000000000e-01	-2.092616307700358516e-02
1.253120000000000067e-01	-2.135292772079163195e-02
1.256249999999999867e-01	-2.177923667916348630e-02
1.259369999999999934e-01	-2.220782425858637554e-02
1.262500000000000011e-01	-2.263594722499656306e-02
1.265620000000000078e-01	-2.306634528618152144e-02
1.268749999999999878e-01	-2.349626363950389069e-02
1.271869999999999945e-01	-2.392845038817339662e-02
1.275000000000000022e-01	-2.436012998967668902e-02
1.278120000000000089e-01	-2.479405561033952085e-02
1.281249999999999889e-01	-2.522743904488479461e-02
1.284369999999999956e-01	-2.566303659797443404e-02
1.287500000000000033e-01	-2.609804007049405794e-02
1.290620000000000100e-01	-2.653520992502797840e-02
1.293749999999999900e-01	-2.697172481228612279e-02
1.296869999999999967e-01	-2.741034865647240179e-02
1.300000000000000044e-01	-2.784823840354402544e-02
1.303120000000000112e-01	-2.828815900723831087e-02
1.306249999999999911e-01	-2.872725602398813055e-02
1.309369999999999978e-01	-2.916829436276848625e-02
1.312500000000000056e-01	-2.960840002385099062e-02
1.315620000000000123e-01	-3.005033815494304039e-02
1.318749999999999922e-01	-3.049122279980248651e-02
1.321869999999999989e-01	-3.093381008901553708e-02
1.325000000000000067e-01	-3.137519595252030030e-02
1.328120000000000134e-01	-3.181812416650198899e-02
1.331249999999999933e-01	-3.225966520605794141e-02
1.334370000000000001e-01	-3.270253737761187607e-02
1.337500000000000078e-01	-3.314378513443109325e-02
1.340619999999999867e-01	-3.358609065477149991e-02
1.343749999999999944e-01	-3.402646011514097457e-02
1.346870000000000012e-01	-3.446752803186933084e-02
1.350000000000000089e-01	-3.490626814370143688e-02
1.353119999999999878e-01	-3.534525782040200820e-02
1.356249999999999956e-01	-3.578142200978443738e-02
1.359370000000000023e-01	-3.621726241339420782e-02
1.362500000000000100e-01	-3.664967599761959766e-02
1.365619999999999890e-01	-3.708107659556701685e-02
1.368749999999999967e-01	-3.750830574792235472e-02
1.371870000000000034e-01	-3.793367244448573455e-02
1.375000000000000111e-01	-3.835400091784502141e-02
1.378119999999999901e-01	-3.877147652923923493e-02
1.381249999999999978e-01	-3.918286531028986053e-02
1.384370000000000045e-01	-3.959020658267217718e-02
1.387500000000000122e-01	-3.999027216726804695e-02
1.390619999999999912e-01	-4.038493851058202327e-02
1.393749999999999989e-01	-4.077092342029354360e-02
1.396870000000000056e-01	-4.114990878098589294e-02
1.400000000000000133e-01	-4.151865518317157666e-02
1.403119999999999923e-01	-4.187862970699552517e-02
1.406250000000000000e-01	-4.222654372430990899e-02
1.409370000000000067e-01	-4.256360934907101740e-02
1.412499999999999867e-01	-4.288663778305729091e-02
1.415619999999999934e-01	-4.319656750864508954e-02
1.418750000000000011e-01	-4.349017145980612481e-02
1.421870000000000078e-01	-4.376806250783601970e-02
1.424999999999999878e-01	-4.402719285781842712e-02
1.428119999999999945e-01	-4.426785009524113884e-02
1.431250000000000022e-01	-4.448702323274823095e-02
1.434370000000000089e-01	-4.468469172493105129e-02
1.437499999999999889e-01	-4.485825210360144116e-02
1.440619999999999956e-01	-4.500743517809931843e-02
1.443750000000000033e-01	-4.512986722036976123e-02
1.446870000000000100e-01	-4.522505652923192176e-02
1.449999999999999900e-01	-4.529129746125654110e-02
1.453119999999999967e-01	-4.532793588333858259e-02
1.456250000000000044e-01	-4.533368349565113781e-02
1.459370000000000112e-01	-4.530776027677692330e-02
1.462499999999999911e-01	-4.524978122806936481e-02
1.465619999999999978e-01	-4.515890485104016167e-02
1.468750000000000056e-01	-4.503533257514562294e-02
1.471870000000000123e-01	-4.487819583476761881e-02
1.474999999999999922e-01	-4.468871563465430519e-02
1.478119999999999989e-01	-4.446596255182602014e-02
1.481250000000000067e-01	-4.421170286773813685e-02
1.484370000000000134e-01	-4.392490013966100088e-02
1.487499999999999933e-01	-4.360820831972476996e-02
1.490620000000000001e-01	-4.326043547780182574e-02
1.493750000000000078e-01	-4.288465339345551991e-02
1.496869999999999867e-01	-4.247948687861538564e-02
1.499999999999999944e-01	-4.204871971229308392e-02
1.503120000000000012e-01	-4.159075656034259133e-02
1.506250000000000089e-01	-4.110965804181918037e-02
1.509369999999999878e-01	-4.060359180607949620e-02
1.512499999999999956e-01	-4.007713067251393591e-02
1.515620000000000023e-01	-3.952816862856030344e-02
1.518750000000000100e-01	-3.896141603330512820e-02
1.521869999999999890e-01	-3.837448835804242037e-02
1.524999999999999967e-01	-3.777240062417251687e-02
1.528120000000000034e-01	-3.715246084551713374e-02
1.531250000000000111e-01	-3.651971342745451848e-02
1.534369999999999901e-01	-3.587119512413241423e-02
1.537499999999999978e-01	-3.521214381363390461e-02
1.540620000000000045e-01	-3.453934668523813561e-02
1.543750000000000122e-01	-3.385804468076048651e-02
1.546869999999999912e-01	-3.316481230379188239e-02
1.549999999999999989e-01	-3.246501331401333706e-02
1.553120000000000056e-01	-3.175503047809419971e-02
1.556250000000000133e-01	-3.104021355008213662e-02
1.559369999999999923e-01	-3.031678831518178074e-02
1.562500000000000000e-01	-2.959016714495633221e-02
1.565620000000000067e-01	-2.885643010335630851e-02
1.568749999999999867e-01	-2.812096234645287268e-02
1.571869999999999934e-01	-2.737973118688006094e-02
1.575000000000000011e-01	-2.663813552771542720e-02
1.578120000000000078e-01	-2.589204424427232754e-02
1.581249999999999878e-01	-2.514681746551001434e-02
1.584369999999999945e-01	-2.439825097484288677e-02
1.587500000000000022e-01	-2.365167416443528584e-02
1.590620000000000089e-01	-2.290282123469309511e-02
1.593749999999999889e-01	-2.215697685524708332e-02
1.596869999999999956e-01	-2.140983788975259206e-02
1.600000000000000033e-01	-2.066662684789514343e-02
1.603120000000000100e-01	-1.992300921494204874e-02
1.606249999999999900e-01	-1.918415551660180088e-02
1.609369999999999967e-01	-1.844572180821246396e-02
1.612500000000000044e-01	-1.771278962798534737e-02
1.615620000000000112e-01	-1.698101562808947140e-02
1.618749999999999911e-01	-1.625542637860431794e-02
1.621869999999999978e-01	-1.553169291035158203e-02
1.625000000000000056e-01	-1.481473144931218407e-02
1.628120000000000123e-01	-1.410023719796193835e-02
1.631249999999999922e-01	-1.339307044927318460e-02
1.634369999999999989e-01	-1.268896272785961787e-02
1.637500000000000067e-01	-1.199264588866954563e-02
1.640620000000000134e-01	-1.129989454253883460e-02
1.643749999999999933e-01	-1.061538194556222239e-02
1.646870000000000001e-01	-9.934935025783339646e-03
1.650000000000000078e-01	-9.263083242822713406e-03
1.653119999999999867e-01	-8.595712889510736046e-03
1.656249999999999944e-01	-7.937291593780029450e-03
1.659370000000000012e-01	-7.283769947050208922e-03
1.662500000000000089e-01	-6.639461913174494502e-03
1.665619999999999878e-01	-6.000388315656559647e-03
1.668749999999999956e-01	-5.370800281996077757e-03
1.671870000000000023e-01	-4.746795870597218282e-03
1.675000000000000100e-01	-4.132463194528443982e-03
1.678119999999999890e-01	-3.523980978872690711e-03
1.681249999999999967e-01	-2.925370740309787485e-03
1.684370000000000034e-01	-2.332897978171441858e-03
1.687500000000000111e-01	-1.750418290128914712e-03
1.690619999999999901e-01	-1.174286565871962649e-03
1.693749999999999978e-01	-6.082912297466131803e-04
1.696870000000000045e-01	-4.888038649223857630e-05
1.700000000000000122e-01	5.003280044162303729e-04
1.703119999999999912e-01	1.042789126754854571e-03
1.706249999999999989e-01	1.574948324919852585e-03
1.709370000000000056e-01	2.100162390129012464e-03
1.712500000000000133e-01	2.615052045557941622e-03
1.715619999999999923e-01	3.122871163897835995e-03
1.718750000000000000e-01	3.620303513568682002e-03
1.721870000000000067e-01	4.110495731657928288e-03
1.724999999999999867e-01	4.590307840717034252e-03
1.728119999999999934e-01	5.062781311243502898e-03
1.731250000000000011e-01	5.524835073005277680e-03
1.734370000000000078e-01	5.979401431142566600e-03
1.737499999999999878e-01	6.423575808287083043e-03
1.740619999999999945e-01	6.860179011607392234e-03
1.743750000000000022e-01	7.286366932659332427e-03
1.746870000000000089e-01	7.704845080816005026e-03
1.749999999999999889e-01	8.112944129581597594e-03
1.753119999999999956e-01	8.513256747487887854e-03
1.756250000000000033e-01	8.903170714815365067e-03
1.759370000000000100e-01	9.285160572326905254e-03
1.762499999999999900e-01	9.656790145543561743e-03
1.765619999999999967e-01	1.002041521083950164e-02
1.768750000000000044e-01	1.037365487023050696e-02
1.771870000000000112e-01	1.071874545929366734e-02
1.774999999999999911e-01	1.105348192634166525e-02
1.778119999999999978e-01	1.137998044001015466e-02
1.781250000000000056e-01	1.169609267739523534e-02
1.784370000000000123e-01	1.200381152920968267e-02
1.787499999999999922e-01	1.230116856834461217e-02
1.790619999999999989e-01	1.259003583718939362e-02
1.793750000000000067e-01	1.286850251973361420e-02
1.796870000000000134e-01	1.313831863229674747e-02
1.799999999999999933e-01	1.339775545498024349e-02
1.803120000000000001e-01	1.364844055080219158e-02
1.806250000000000078e-01	1.388870506200997820e-02
1.809369999999999867e-01	1.412005287382210594e-02
1.812499999999999944e-01	1.434100107017866922e-02
1.815620000000000012e-01	1.455293002511393735e-02
1.818750000000000089e-01	1.475441790324381365e-02
1.821869999999999878e-01	1.494672033297286644e-02
1.824999999999999956e-01	1.512860497573288027e-02
1.828120000000000023e-01	1.530120288787714840e-02
1.831250000000000100e-01	1.546334463682126452e-02
1.834369999999999890e-01	1.561603581162073623e-02
1.837499999999999967e-01	1.575830028428860941e-02
1.840620000000000034e-01	1.589101824919707598e-02
1.843750000000000111e-01	1.601327866675491401e-02
1.846869999999999901e-01	1.612583599098634662e-02
1.849999999999999978e-01	1.622797597139573680e-02
1.853120000000000045e-01	1.632032782100797594e-02
1.856250000000000122e-01	1.640224494807516684e-02
1.859369999999999912e-01	1.647423097945556469e-02
1.862499999999999989e-01	1.653584006152843122e-02
1.865620000000000056e-01	1.658745108994578651e-02
1.868750000000000133e-01	1.662868834966730117e-02
1.871869999999999923e-01	1.665980662375405111e-02
1.875000000000000000e-01	1.668063421368533306e-02
1.878120000000000067e-01	1.669130273043740315e-02
1.881249999999999867e-01	1.669171332626883525e-02
1.884369999999999934e-01	1.668187573191169670e-02
1.887500000000000011e-01	1.666189790155429493e-02
1.890620000000000078e-01	1.663166906749740520e-02
1.893749999999999878e-01	1.659137264017421232e-02
1.896869999999999945e-01	1.654077971586035214e-02
1.900000000000000022e-01	1.648028215984211758e-02
1.903120000000000089e-01	1.640953466611422620e-02
1.906249999999999889e-01	1.632900698540933754e-02
1.909369999999999956e-01	1.623824098082804479e-02
1.912500000000000033e-01	1.613791423257671456e-02
1.915620000000000100e-01	1.602745772101756006e-02
1.918749999999999900e-01	1.590762891218175726e-02
1.921869999999999967e-01	1.577775214268507462e-02
1.925000000000000044e-01	1.563879028191450526e-02
1.928120000000000112e-01	1.548996432221988982e-02
1.931249999999999911e-01	1.533231740277432240e-02
1.934369999999999978e-01	1.516497222284111934e-02
1.937500000000000056e-01	1.498917079163956077e-02
1.940620000000000123e-01	1.480393935955409863e-02
1.943749999999999922e-01	1.461059729305501029e-02
1.946869999999999989e-01	1.440807988548752430e-02
1.950000000000000067e-01	1.419789190687205209e-02
1.953120000000000134e-01	1.397887794368624613e-02
1.956249999999999933e-01	1.375261232958380556e-02
1.959370000000000001e-01	1.351785371335157207e-02
1.962500000000000078e-01	1.327634174186832425e-02
1.965619999999999867e-01	1.302674807232611850e-02
1.968749999999999944e-01	1.277086959167231771e-02
1.971870000000000012e-01	1.250729504882258994e-02
1.975000000000000089e-01	1.223796047689046373e-02
1.978119999999999878e-01	1.196136992453039269e-02
1.981249999999999956e-01	1.167950162776820386e-02
1.984370000000000023e-01	1.139077929086841287e-02
1.987500000000000100e-01	1.109729420456258275e-02
1.990619999999999890e-01	1.079738922390578726e-02
1.993749999999999967e-01	1.049318488633640273e-02
1.996870000000000034e-01	1.018294941817069962e-02
2.000000000000000111e-01	9.868893263463808171e-03
2.003119999999999901e-01	9.549208574965039123e-03
2.006249999999999978e-01	9.226128932881908981e-03
2.009370000000000045e-01	8.897777905630566142e-03
2.012500000000000122e-01	8.566452208187568321e-03
2.015619999999999912e-01	8.230210095767052231e-03
2.018749999999999989e-01	7.891363015123257010e-03
2.021870000000000056e-01	7.547908553602576849e-03
2.025000000000000133e-01	7.202213553820065173e-03
2.028119999999999923e-01	6.852219252331798356e-03
2.031250000000000000e-01	6.500303244657406991e-03
2.034370000000000067e-01	6.144351321756154859e-03
2.037499999999999867e-01	5.786785354058178628e-03
2.040619999999999934e-01	5.425447131159849383e-03
2.043750000000000011e-01	5.062763457293869077e-03
2.046870000000000078e-01	4.696530862375022063e-03
2.049999999999999878e-01	4.329212079860214613e-03
2.053119999999999945e-01	3.958564587024692230e-03
2.056250000000000022e-01	3.587057602888478556e-03
2.059370000000000089e-01	3.212410860141776993e-03
2.062499999999999889e-01	2.837120683877723815e-03
2.065619999999999956e-01	2.458873215150330152e-03
2.068750000000000033e-01	2.080169165760259019e-03
2.071870000000000100e-01	1.698665009288920138e-03
2.074999999999999900e-01	1.316883818803900579e-03
2.078119999999999967e-01	9.324545589526622453e-04
2.081250000000000044e-01	5.479003724330078640e-04
2.084370000000000112e-01	1.608231078721816614e-04
2.087499999999999911e-01	-2.262356201135623112e-04
2.090619999999999978e-01	-6.156931311181684623e-04
2.093750000000000056e-01	-1.005006567127590244e-03
2.096870000000000123e-01	-1.396618598131071443e-03
2.099999999999999922e-01	-1.787972599213543670e-03
2.103119999999999989e-01	-2.181528991111900736e-03
2.106250000000000067e-01	-2.574729587203462931e-03
2.109370000000000134e-01	-2.970052872308996672e-03
2.112499999999999933e-01	-3.364932473274340891e-03
2.115620000000000001e-01	-3.761862307974351248e-03
2.118750000000000078e-01	-4.158273496564866140e-03
2.121869999999999867e-01	-4.556677558460650417e-03
2.124999999999999944e-01	-4.954497745595870181e-03
2.128120000000000012e-01	-5.354257722895550999e-03
2.131250000000000089e-01	-5.753382940621248019e-03
2.134369999999999878e-01	-6.154410099480942496e-03
2.137499999999999956e-01	-6.554755000968901825e-03
2.140620000000000023e-01	-6.956968391215240764e-03
2.143750000000000100e-01	-7.358467802524032951e-03
2.146869999999999890e-01	-7.761814495197511161e-03
2.149999999999999967e-01	-8.164421863511713354e-03
2.153120000000000034e-01	-8.568862940259746805e-03
2.156250000000000111e-01	-8.972547230369181184e-03
2.159369999999999901e-01	-9.378060896914324623e-03
2.162499999999999978e-01	-9.782809694734842521e-03
2.165620000000000045e-01	-1.018938816740658400e-02
2.168750000000000122e-01	-1.059520302469876656e-02
2.171869999999999912e-01	-1.100286031410403244e-02
2.174999999999999989e-01	-1.140976140375445438e-02
2.178120000000000056e-01	-1.181852241763889366e-02
2.181250000000000133e-01	-1.222654232661837814e-02
2.184369999999999923e-01	-1.263644909680278205e-02
2.187500000000000000e-01	-1.304563592968712403e-02
2.190620000000000067e-01	-1.345673982839689503e-02
2.193749999999999867e-01	-1.386715100032510396e-02
2.196869999999999934e-01	-1.427951741039254485e-02
2.200000000000000011e-01	-1.469122119882710666e-02
2.203120000000000078e-01	-1.510491861655282805e-02
2.206249999999999878e-01	-1.551798640247728858e-02
2.209369999999999945e-01	-1.593309110783227081e-02
2.212500000000000022e-01	-1.634759737575118901e-02
2.215620000000000089e-01	-1.676418097850426378e-02
2.218749999999999889e-01	-1.718019866116169553e-02
2.221869999999999956e-01	-1.759833588454973174e-02
2.225000000000000033e-01	-1.801593791468974332e-02
2.228120000000000100e-01	-1.843569725501336201e-02
2.231249999999999900e-01	-1.885494725481693182e-02
2.234369999999999967e-01	-1.927639098144019042e-02
2.237500000000000044e-01	-1.969734791780676508e-02
2.240620000000000112e-01	-2.012052740295513717e-02
2.243749999999999911e-01	-2.054323782870007623e-02
2.246869999999999978e-01	-2.096819821766248565e-02
2.250000000000000056e-01	-2.139269782327755942e-02
2.253120000000000123e-01	-2.181946246706562356e-02
2.256249999999999922e-01	-2.224577142543748137e-02
2.259369999999999989e-01	-2.267435900486036368e-02
2.262500000000000067e-01	-2.310248197127055120e-02
2.265620000000000134e-01	-2.353288003245550958e-02
2.268749999999999933e-01	-2.396279838577787882e-02
2.271870000000000001e-01	-2.439498513444738476e-02
2.275000000000000078e-01	-2.482666473595067716e-02
2.278119999999999867e-01	-2.526059035661350899e-02
2.281249999999999944e-01	-2.569397379115874111e-02
2.284370000000000012e-01	-2.612957134424841871e-02
2.287500000000000089e-01	-2.656457481676804261e-02
2.290619999999999878e-01	-2.700174467130195960e-02
2.293749999999999956e-01	-2.743825955856006235e-02
2.296870000000000023e-01	-2.787688340274637952e-02
2.300000000000000100e-01	-2.831477314981800317e-02
2.303119999999999890e-01	-2.875469375351228860e-02
2.306249999999999967e-01	-2.919379077026207359e-02
2.309370000000000034e-01	-2.963482910904247439e-02
2.312500000000000111e-01	-3.007493477012497876e-02
2.315619999999999901e-01	-3.051687290121703200e-02
2.318749999999999978e-01	-3.095775754607643648e-02
2.321870000000000045e-01	-3.140034483528952175e-02
2.325000000000000122e-01	-3.184173069879429191e-02
2.328119999999999912e-01	-3.228465891277598060e-02
2.331249999999999989e-01	-3.272619995233188445e-02
2.334370000000000056e-01	-3.316907212388586074e-02
2.337500000000000133e-01	-3.361031988070507098e-02
2.340619999999999923e-01	-3.405262540104548458e-02
2.343750000000000000e-01	-3.449299486141495924e-02
2.346870000000000067e-01	-3.493406277814331551e-02
2.349999999999999867e-01	-3.537280288997541461e-02
2.353119999999999934e-01	-3.581179256667595123e-02
2.356250000000000011e-01	-3.624795675605841511e-02
2.359370000000000078e-01	-3.668379715966818555e-02
2.362499999999999878e-01	-3.711621074389357539e-02
2.365619999999999945e-01	-3.754761134184095989e-02
2.368750000000000022e-01	-3.797484049419633245e-02
2.371870000000000089e-01	-3.840020719075971228e-02
2.374999999999999889e-01	-3.882053566411899914e-02
2.378119999999999956e-01	-3.923801127551317797e-02
2.381250000000000033e-01	-3.964940005656385213e-02
2.384370000000000100e-01	-4.005674132894616185e-02
2.387499999999999900e-01	-4.045680691354203162e-02
2.390619999999999967e-01	-4.085147325685597325e-02
2.393750000000000044e-01	-4.123745816656753521e-02
2.396870000000000112e-01	-4.161644352725987761e-02
2.399999999999999911e-01	-4.198518992944556133e-02
2.403119999999999978e-01	-4.234516445326946821e-02
2.406250000000000056e-01	-4.269307847058389366e-02
2.409370000000000123e-01	-4.303014409534500206e-02
2.412499999999999922e-01	-4.335317252933127558e-02
2.415619999999999989e-01	-4.366310225491907421e-02
2.418750000000000067e-01	-4.395670620608009560e-02
2.421870000000000134e-01	-4.423459725411000437e-02
2.424999999999999933e-01	-4.449372760409241179e-02
2.428120000000000001e-01	-4.473438484151511657e-02
2.431250000000000078e-01	-4.495355797902220174e-02
2.434369999999999867e-01	-4.515122647120503596e-02
2.437499999999999944e-01	-4.532478684987540501e-02
2.440620000000000012e-01	-4.547396992437328922e-02
2.443750000000000089e-01	-4.559640196664373896e-02
2.446869999999999878e-01	-4.569159127550588562e-02
2.449999999999999956e-01	-4.575783220753049801e-02
2.453120000000000023e-01	-4.579447062961254644e-02
2.456250000000000100e-01	-4.580021824192512248e-02
2.459369999999999890e-01	-4.577429502305090797e-02
2.462499999999999967e-01	-4.571631597434335642e-02
2.465620000000000034e-01	-4.562543959731414633e-02
2.468750000000000111e-01	-4.550186732141960760e-02
2.471869999999999901e-01	-4.534473058104160348e-02
2.474999999999999978e-01	-4.515525038092831067e-02
2.478120000000000045e-01	-4.493249729810001175e-02
2.481250000000000122e-01	-4.467823761401212151e-02
2.484369999999999912e-01	-4.439143488593498554e-02
2.487499999999999989e-01	-4.407474306599877545e-02
2.490620000000000056e-01	-4.372697022407579653e-02
2.493750000000000133e-01	-4.335118813972949070e-02
2.496869999999999923e-01	-4.294602162488935643e-02
2.500000000000000000e-01	-4.251525445856706165e-02
2.503119999999999790e-01	-4.205729130661656906e-02
2.506249999999999867e-01	-4.157619278809319280e-02
2.509370000000000211e-01	-4.107012655235352250e-02
2.512499999999999734e-01	-4.054366541878786506e-02
2.515620000000000078e-01	-3.999470337483432975e-02
2.518750000000000155e-01	-3.942795077957910593e-02
2.521869999999999945e-01	-3.884102310431639116e-02
2.525000000000000022e-01	-3.823893537044648766e-02
2.528119999999999812e-01	-3.761899559179110453e-02
2.531249999999999889e-01	-3.698624817372855172e-02
2.534370000000000234e-01	-3.633772987040644054e-02
2.537499999999999756e-01	-3.567867855990780601e-02
2.540620000000000100e-01	-3.500588143151215498e-02
2.543750000000000178e-01	-3.432457942703445036e-02
2.546869999999999967e-01	-3.363134705006585318e-02
2.550000000000000044e-01	-3.293154806028730786e-02
2.553119999999999834e-01	-3.222156522436816356e-02
2.556249999999999911e-01	-3.150674829635616986e-02
2.559370000000000256e-01	-3.078332306145580705e-02
2.562499999999999778e-01	-3.005670189123022668e-02
2.565620000000000123e-01	-2.932296484963033481e-02
2.568750000000000200e-01	-2.858749709272682960e-02
2.571869999999999989e-01	-2.784626593315395540e-02
2.575000000000000067e-01	-2.710467027398938758e-02
2.578119999999999856e-01	-2.635857899054628792e-02
2.581249999999999933e-01	-2.561335221178404065e-02
2.584369999999999723e-01	-2.486478572111684021e-02
2.587499999999999800e-01	-2.411820891070930867e-02
2.590620000000000145e-01	-2.336935598096711794e-02
2.593750000000000222e-01	-2.262351160152103677e-02
2.596870000000000012e-01	-2.187637263602647611e-02
2.600000000000000089e-01	-2.113316159416909687e-02
2.603119999999999878e-01	-2.038954396121600218e-02
2.606249999999999956e-01	-1.965069026287583759e-02
2.609369999999999745e-01	-1.891225655448642781e-02
2.612499999999999822e-01	-1.817932437425938408e-02
2.615620000000000167e-01	-1.744755037436350811e-02
2.618750000000000244e-01	-1.672196112487828873e-02
2.621870000000000034e-01	-1.599822765662549037e-02
2.625000000000000111e-01	-1.528126619558615486e-02
2.628119999999999901e-01	-1.456677194423591087e-02
2.631249999999999978e-01	-1.385960519554721611e-02
2.634369999999999767e-01	-1.315549747413359040e-02
2.637499999999999845e-01	-1.245918063494357714e-02
2.640620000000000189e-01	-1.176642928881286611e-02
2.643750000000000266e-01	-1.108191669183619492e-02
2.646870000000000056e-01	-1.040146977205725319e-02
2.650000000000000133e-01	-9.729617989096687666e-03
2.653119999999999923e-01	-9.062247635784710306e-03
2.656250000000000000e-01	-8.403826340053996771e-03
2.659369999999999790e-01	-7.750304693324170172e-03
2.662499999999999867e-01	-7.105996659448514732e-03
2.665620000000000211e-01	-6.466923061930579877e-03
2.668749999999999734e-01	-5.837335028269991302e-03
2.671870000000000078e-01	-5.213330616871238513e-03
2.675000000000000155e-01	-4.598997940802410436e-03
2.678119999999999945e-01	-3.990515725146657165e-03
2.681250000000000022e-01	-3.391905486583754372e-03
2.684369999999999812e-01	-2.799432724445408745e-03
2.687499999999999889e-01	-2.216953036402935159e-03
2.690620000000000234e-01	-1.640821312145983096e-03
2.693749999999999756e-01	-1.074825976020531279e-03
2.696870000000000100e-01	-5.154151327662592199e-04
2.700000000000000178e-01	3.379325814225836249e-05
2.703119999999999967e-01	5.762543804808824797e-04
2.706250000000000044e-01	1.108413578645880493e-03
2.709369999999999834e-01	1.633627643855040589e-03
2.712499999999999911e-01	2.148517299283926596e-03
2.715620000000000256e-01	2.656336417623820969e-03
2.718749999999999778e-01	3.153768767294752844e-03
2.721870000000000123e-01	3.643960985383913262e-03
2.725000000000000200e-01	4.123773094443061726e-03
2.728119999999999989e-01	4.596246564969573740e-03
2.731250000000000067e-01	5.058300326731305155e-03
2.734369999999999856e-01	5.512866684868594942e-03
2.737499999999999933e-01	5.957041062013068017e-03
2.740619999999999723e-01	6.393644265333419709e-03
2.743749999999999800e-01	6.819832186385322605e-03
2.746870000000000145e-01	7.238310334542001276e-03
2.750000000000000222e-01	7.646409383307625068e-03
2.753120000000000012e-01	8.046722001213948289e-03
2.756250000000000089e-01	8.436635968541399480e-03
2.759369999999999878e-01	8.818625826052939667e-03
2.762499999999999956e-01	9.190255399269563197e-03
2.765619999999999745e-01	9.553880464565534317e-03
2.768749999999999822e-01	9.907120123956508415e-03
2.771870000000000167e-01	1.025221071301966186e-02
2.775000000000000244e-01	1.058694718006769273e-02
2.778120000000000034e-01	1.091344569373620989e-02
2.781250000000000111e-01	1.122955793112126281e-02
2.784369999999999901e-01	1.153727678293571014e-02
2.787499999999999978e-01	1.183463382207061362e-02
2.790619999999999767e-01	1.212350109091542109e-02
2.793749999999999845e-01	1.240196777345961565e-02
2.796870000000000189e-01	1.267178388602274892e-02
2.800000000000000266e-01	1.293122070870626576e-02
2.803120000000000056e-01	1.318190580452822946e-02
2.806250000000000133e-01	1.342217031573601782e-02
2.809369999999999923e-01	1.365351812754814556e-02
2.812500000000000000e-01	1.387446632390469670e-02
2.815619999999999790e-01	1.408639527883998738e-02
2.818749999999999867e-01	1.428788315696984113e-02
2.821870000000000211e-01	1.448018558669889391e-02
2.824999999999999734e-01	1.466207022945893029e-02
2.828120000000000078e-01	1.483466814160317587e-02
2.831250000000000155e-01	1.499680989054728159e-02
2.834369999999999945e-01	1.514950106534675330e-02
2.837500000000000022e-01	1.529176553801463861e-02
2.840619999999999812e-01	1.542448350292309131e-02
2.843749999999999889e-01	1.554674392048092241e-02
2.846870000000000234e-01	1.565930124471237236e-02
2.849999999999999756e-01	1.576144122512177295e-02
2.853120000000000100e-01	1.585379307473399474e-02
2.856250000000000178e-01	1.593571020180117523e-02
2.859369999999999967e-01	1.600769623318157309e-02
2.862500000000000044e-01	1.606930531525443615e-02
2.865619999999999834e-01	1.612091634367179144e-02
2.868749999999999911e-01	1.616215360339330609e-02
2.871870000000000256e-01	1.619327187748005950e-02
2.874999999999999778e-01	1.621409946741134145e-02
2.878120000000000123e-01	1.622476798416341154e-02
2.881250000000000200e-01	1.622517857999484017e-02
2.884369999999999989e-01	1.621534098563770163e-02
2.887500000000000067e-01	1.619536315528029985e-02
2.890619999999999856e-01	1.616513432122342053e-02
2.893749999999999933e-01	1.612483789390023112e-02
2.896869999999999723e-01	1.607424496958637095e-02
2.899999999999999800e-01	1.601374741356812598e-02
2.903120000000000145e-01	1.594299991984024154e-02
2.906250000000000222e-01	1.586247223913535981e-02
2.909370000000000012e-01	1.577170623455406706e-02
2.912500000000000089e-01	1.567137948630274724e-02
2.915619999999999878e-01	1.556092297474359273e-02
2.918749999999999956e-01	1.544109416590780035e-02
2.921869999999999745e-01	1.531121739641110729e-02
2.924999999999999822e-01	1.517225553564055009e-02
2.928120000000000167e-01	1.502342957594593464e-02
2.931250000000000244e-01	1.486578265650036722e-02
2.934370000000000034e-01	1.469843747656715376e-02
2.937500000000000111e-01	1.452263604536559345e-02
2.940619999999999901e-01	1.433740461328014172e-02
2.943749999999999978e-01	1.414406254678106552e-02
2.946869999999999767e-01	1.394154513921355872e-02
2.949999999999999845e-01	1.373135716059809691e-02
2.953120000000000189e-01	1.351234319741229095e-02
2.956250000000000266e-01	1.328607758330981742e-02
2.959370000000000056e-01	1.305131896707756312e-02
2.962500000000000133e-01	1.280980699559433611e-02
2.965619999999999923e-01	1.256021332605212863e-02
2.968750000000000000e-01	1.230433484539832957e-02
2.971869999999999790e-01	1.204076030254860180e-02
2.974999999999999867e-01	1.177142573061650856e-02
2.978120000000000211e-01	1.149483517825643578e-02
2.981249999999999734e-01	1.121296688149420531e-02
2.984370000000000078e-01	1.092424454459445769e-02
2.987500000000000155e-01	1.063075945828860502e-02
2.990619999999999945e-01	1.033085447763180953e-02
2.993750000000000022e-01	1.002665014006242673e-02
2.996869999999999812e-01	9.716414671896721894e-03
2.999999999999999889e-01	9.402358517189863402e-03
3.003120000000000234e-01	9.082673828691094353e-03
3.006249999999999756e-01	8.759594186607910435e-03
3.009370000000000100e-01	8.431243159356631781e-03
3.012500000000000178e-01	8.099917461913590591e-03
3.015619999999999967e-01	7.763675349493085777e-03
3.018750000000000044e-01	7.424828268849285352e-03
3.021869999999999834e-01	7.081373807328599120e-03
3.024999999999999911e-01	6.735678807546120403e-03
3.028120000000000256e-01	6.385684506057853586e-03
3.031249999999999778e-01	6.033768498383397169e-03
3.034370000000000123e-01	5.677816575482204885e-03
3.037500000000000200e-01	5.320250607784195694e-03
3.040619999999999989e-01	4.958912384885839561e-03
3.043750000000000067e-01	4.596228711019886143e-03
3.046869999999999856e-01	4.229996116101039129e-03
3.049999999999999933e-01	3.862677333586264205e-03
3.053119999999999723e-01	3.492029840750714934e-03
3.056249999999999800e-01	3.120522856614528148e-03
3.059370000000000145e-01	2.745876113867826152e-03
3.062500000000000222e-01	2.370585937603735677e-03
3.065620000000000012e-01	1.992338468876309488e-03
3.068750000000000089e-01	1.613634419486276086e-03
3.071869999999999878e-01	1.232130263014937204e-03
3.074999999999999956e-01	8.503490725299500631e-04
3.078119999999999745e-01	4.659198126786794742e-04
3.081249999999999822e-01	8.136562615905741571e-05
3.084370000000000167e-01	-3.057116384017795883e-04
3.087500000000000244e-01	-6.927703663875505033e-04
3.090620000000000034e-01	-1.082227877392194547e-03
3.093750000000000111e-01	-1.471541313401583803e-03
3.096869999999999901e-01	-1.863153344405065219e-03
3.099999999999999978e-01	-2.254507345487505136e-03
3.103119999999999767e-01	-2.648063737385888874e-03
3.106249999999999845e-01	-3.041264333477410736e-03
3.109370000000000189e-01	-3.436587618582947080e-03
3.112500000000000266e-01	-3.831467219548323391e-03
3.115620000000000056e-01	-4.228397054248368876e-03
3.118750000000000133e-01	-4.624808242838849073e-03
3.121869999999999923e-01	-5.023212304734630748e-03
3.125000000000000000e-01	-5.421032491869853115e-03
3.128119999999999790e-01	-5.820792469169533932e-03
3.131249999999999867e-01	-6.219917686895204065e-03
3.134370000000000211e-01	-6.620944845754901144e-03
3.137499999999999734e-01	-7.021289747242924657e-03
3.140620000000000078e-01	-7.423503137489196810e-03
3.143750000000000155e-01	-7.825002548798023691e-03
3.146869999999999945e-01	-8.228349241471505371e-03
3.150000000000000022e-01	-8.630956609785701492e-03
3.153119999999999812e-01	-9.035397686533734943e-03
3.156249999999999889e-01	-9.439081976643151975e-03
3.159370000000000234e-01	-9.844595643188297149e-03
3.162499999999999756e-01	-1.024934444100888964e-02
3.165620000000000100e-01	-1.065592291368055652e-02
3.168750000000000178e-01	-1.106173777097277031e-02
3.171869999999999967e-01	-1.146939506037803619e-02
3.175000000000000044e-01	-1.187629615002845813e-02
3.178119999999999834e-01	-1.228505716391289915e-02
3.181249999999999911e-01	-1.269307707289234893e-02
3.184370000000000256e-01	-1.310298384307675978e-02
3.187499999999999778e-01	-1.351217067596117115e-02
3.190620000000000123e-01	-1.392327457467087103e-02
3.193750000000000200e-01	-1.433368574659911465e-02
3.196869999999999989e-01	-1.474605215666658850e-02
3.200000000000000067e-01	-1.515775594510111041e-02
3.203119999999999856e-01	-1.557145336282683180e-02
3.206249999999999933e-01	-1.598452114875122815e-02
3.209369999999999723e-01	-1.639962585410624854e-02
3.212499999999999800e-01	-1.681413212202512858e-02
3.215620000000000145e-01	-1.723071572477820335e-02
3.218750000000000222e-01	-1.764673340743567326e-02
3.221870000000000012e-01	-1.806487063082374764e-02
3.225000000000000089e-01	-1.848247266096372105e-02
3.228119999999999878e-01	-1.890223200128733974e-02
3.231249999999999956e-01	-1.932148200109086791e-02
3.234369999999999745e-01	-1.974292572771415774e-02
3.237499999999999822e-01	-2.016388266408069771e-02
3.240620000000000167e-01	-2.058706214922906980e-02
3.243750000000000244e-01	-2.100977257497405049e-02
3.246870000000000034e-01	-2.143473296393649460e-02
3.250000000000000111e-01	-2.185923256955153368e-02
3.253119999999999901e-01	-2.228599721333959435e-02
3.256249999999999978e-01	-2.271230617171142094e-02
3.259369999999999767e-01	-2.314089375113434488e-02
3.262499999999999845e-01	-2.356901671754449770e-02
3.265620000000000189e-01	-2.399941477872945261e-02
3.268750000000000266e-01	-2.442933313205186349e-02
3.271870000000000056e-01	-2.486151988072140759e-02
3.275000000000000133e-01	-2.529319948222466183e-02
3.278119999999999923e-01	-2.572712510288749366e-02
3.281250000000000000e-01	-2.616050853743273966e-02
3.284369999999999790e-01	-2.659610609052241725e-02
3.287499999999999867e-01	-2.703110956304200299e-02
3.290620000000000211e-01	-2.746827941757592345e-02
3.293749999999999734e-01	-2.790479430483410600e-02
3.296870000000000078e-01	-2.834341814902034337e-02
3.300000000000000155e-01	-2.878130789609200171e-02
3.303119999999999945e-01	-2.922122849978628714e-02
3.306250000000000022e-01	-2.966032551653606866e-02
3.309369999999999812e-01	-3.010136385531646600e-02
3.312499999999999889e-01	-3.054146951639893567e-02
3.315620000000000234e-01	-3.098340764749098544e-02
3.318749999999999756e-01	-3.142429229235046972e-02
3.321870000000000100e-01	-3.186687958156347866e-02
3.325000000000000178e-01	-3.230826544506828352e-02
3.328119999999999967e-01	-3.275119365904997915e-02
3.331250000000000044e-01	-3.319273469860586911e-02
3.334369999999999834e-01	-3.363560687015984541e-02
3.337499999999999911e-01	-3.407685462697902096e-02
3.340620000000000256e-01	-3.451916014731943455e-02
3.343749999999999778e-01	-3.495952960768899248e-02
3.346870000000000123e-01	-3.540059752441725854e-02
3.350000000000000200e-01	-3.583933763624939928e-02
3.353119999999999989e-01	-3.627832731294997060e-02
3.356250000000000067e-01	-3.671449150233240671e-02
3.359369999999999856e-01	-3.715033190594217716e-02
3.362499999999999933e-01	-3.758274549016753230e-02
3.365619999999999723e-01	-3.801414608811495149e-02
3.368749999999999800e-01	-3.844137524047028243e-02
3.371870000000000145e-01	-3.886674193703366920e-02
3.375000000000000222e-01	-3.928707041039299075e-02
3.378120000000000012e-01	-3.970454602178720427e-02
3.381250000000000089e-01	-4.011593480283785762e-02
3.384369999999999878e-01	-4.052327607522016734e-02
3.387499999999999956e-01	-4.092334165981599547e-02
3.390619999999999745e-01	-4.131800800312997179e-02
3.393749999999999822e-01	-4.170399291284149212e-02
3.396870000000000167e-01	-4.208297827353384146e-02
3.400000000000000244e-01	-4.245172467571955988e-02
3.403120000000000034e-01	-4.281169919954350839e-02
3.406250000000000111e-01	-4.315961321685786445e-02
3.409369999999999901e-01	-4.349667884161897285e-02
3.412499999999999978e-01	-4.381970727560521167e-02
3.415619999999999767e-01	-4.412963700119304500e-02
3.418749999999999845e-01	-4.442324095235404557e-02
3.421870000000000189e-01	-4.470113200038394741e-02
3.425000000000000266e-01	-4.496026235036636870e-02
3.428120000000000056e-01	-4.520091958778910124e-02
3.431250000000000133e-01	-4.542009272529618641e-02
3.434369999999999923e-01	-4.561776121747900675e-02
3.437500000000000000e-01	-4.579132159614938274e-02
3.440619999999999790e-01	-4.594050467064726695e-02
3.443749999999999867e-01	-4.606293671291770975e-02
3.446870000000000211e-01	-4.615812602177985641e-02
3.449999999999999734e-01	-4.622436695380448268e-02
3.453120000000000078e-01	-4.626100537588651723e-02
3.456250000000000155e-01	-4.626675298819910020e-02
3.459369999999999945e-01	-4.624082976932487182e-02
3.462500000000000022e-01	-4.618285072061732721e-02
3.465619999999999812e-01	-4.609197434358812406e-02
3.468749999999999889e-01	-4.596840206769358533e-02
3.471870000000000234e-01	-4.581126532731558121e-02
3.474999999999999756e-01	-4.562178512720225371e-02
3.478120000000000100e-01	-4.539903204437398948e-02
3.481250000000000178e-01	-4.514477236028607149e-02
3.484369999999999967e-01	-4.485796963220894246e-02
3.487500000000000044e-01	-4.454127781227274624e-02
3.490619999999999834e-01	-4.419350497034975345e-02
3.493749999999999911e-01	-4.381772288600347537e-02
3.496870000000000256e-01	-4.341255637116335497e-02
3.499999999999999778e-01	-4.298178920484096999e-02
3.503120000000000123e-01	-4.252382605289056761e-02
3.506250000000000200e-01	-4.204272753436714277e-02
3.509369999999999989e-01	-4.153666129862745859e-02
3.512500000000000067e-01	-4.101020016506188443e-02
3.515619999999999856e-01	-4.046123812110826584e-02
3.518749999999999933e-01	-3.989448552585313917e-02
3.521869999999999723e-01	-3.930755785059043828e-02
3.524999999999999800e-01	-3.870547011672052090e-02
3.528120000000000145e-01	-3.808553033806515165e-02
3.531250000000000222e-01	-3.745278292000248088e-02
3.534370000000000012e-01	-3.680426461668037663e-02
3.537500000000000089e-01	-3.614521330618186007e-02
3.540619999999999878e-01	-3.547241617778609107e-02
3.543749999999999956e-01	-3.479111417330850442e-02
3.546869999999999745e-01	-3.409788179633990030e-02
3.549999999999999822e-01	-3.339808280656135497e-02
3.553120000000000167e-01	-3.268809997064221762e-02
3.556250000000000244e-01	-3.197328304263007820e-02
3.559370000000000034e-01	-3.124985780772972233e-02
3.562500000000000111e-01	-3.052323663750427032e-02
3.565619999999999901e-01	-2.978949959590424662e-02
3.568749999999999978e-01	-2.905403183900087671e-02
3.571869999999999767e-01	-2.831280067942799905e-02
3.574999999999999845e-01	-2.757120502026343123e-02
3.578120000000000189e-01	-2.682511373682033157e-02
3.581250000000000266e-01	-2.607988695805795246e-02
3.584370000000000056e-01	-2.533132046739074855e-02
3.587500000000000133e-01	-2.458474365698322048e-02
3.590619999999999923e-01	-2.383589072724102975e-02
3.593750000000000000e-01	-2.309004634779508042e-02
3.596869999999999790e-01	-2.234290738230051976e-02
3.599999999999999867e-01	-2.159969634044313705e-02
3.603120000000000211e-01	-2.085607870749003889e-02
3.606249999999999734e-01	-2.011722500914974593e-02
3.609370000000000078e-01	-1.937879130076047146e-02
3.612500000000000155e-01	-1.864585912053329242e-02
3.615619999999999945e-01	-1.791408512063741992e-02
3.618750000000000022e-01	-1.718849587115232891e-02
3.621869999999999812e-01	-1.646476240289953749e-02
3.624999999999999889e-01	-1.574780094186019677e-02
3.628120000000000234e-01	-1.503330669050995279e-02
3.631249999999999756e-01	-1.432613994182112965e-02
3.634370000000000100e-01	-1.362203222040762711e-02
3.637500000000000178e-01	-1.292571538121749589e-02
3.640619999999999967e-01	-1.223296403508678312e-02
3.643750000000000044e-01	-1.154845143811023163e-02
3.646869999999999834e-01	-1.086800451833128990e-02
3.649999999999999911e-01	-1.019615273537072785e-02
3.653120000000000256e-01	-9.528782382058748751e-03
3.656249999999999778e-01	-8.870361086327908581e-03
3.659370000000000123e-01	-8.216839439598201678e-03
3.662500000000000200e-01	-7.572531405722427410e-03
3.665619999999999989e-01	-6.933457808204492555e-03
3.668750000000000067e-01	-6.303869774544011532e-03
3.671869999999999856e-01	-5.679865363145151190e-03
3.674999999999999933e-01	-5.065532687076430667e-03
3.678119999999999723e-01	-4.457050471420678263e-03
3.681249999999999800e-01	-3.858440232857775036e-03
3.684370000000000145e-01	-3.265967470719429409e-03
3.687500000000000222e-01	-2.683487782676847837e-03
3.690620000000000012e-01	-2.107356058419895990e-03
3.693750000000000089e-01	-1.541360722294546522e-03
3.696869999999999878e-01	-9.819498790401720058e-04
3.699999999999999956e-01	-4.327414881317514323e-04
3.703119999999999745e-01	1.097196342068726443e-04
3.706249999999999822e-01	6.418788323718706713e-04
3.709370000000000167e-01	1.167092897581030768e-03
3.712500000000000244e-01	1.681982553010008281e-03
3.715620000000000034e-01	2.189801671349902654e-03
3.718750000000000111e-01	2.687234021020743022e-03
3.721869999999999901e-01	3.177426239109994947e-03
3.724999999999999978e-01	3.657238348169063180e-03
3.728119999999999767e-01	4.129711818695574327e-03
3.731249999999999845e-01	4.591765580457295333e-03
3.734370000000000189e-01	5.046331938594585120e-03
3.737500000000000266e-01	5.490506315739138860e-03
3.740620000000000056e-01	5.927109519059485347e-03
3.743750000000000133e-01	6.353297440111394315e-03
3.746869999999999923e-01	6.771775588268066914e-03
3.750000000000000000e-01	7.179874637033615246e-03
3.753119999999999790e-01	7.580187254939938467e-03
3.756249999999999867e-01	7.970101222267416546e-03
3.759370000000000211e-01	8.352091079778956734e-03
3.762499999999999734e-01	8.723720652995644448e-03
3.765620000000000078e-01	9.087345718291551383e-03
3.768750000000000155e-01	9.440585377682589666e-03
3.771869999999999945e-01	9.785675966745744844e-03
3.775000000000000022e-01	1.012041243379370979e-02
3.778119999999999812e-01	1.044691094746222695e-02
3.781249999999999889e-01	1.076302318484727988e-02
3.784370000000000234e-01	1.107074203666172721e-02
3.787499999999999756e-01	1.136809907579668447e-02
3.790620000000000100e-01	1.165696634464143816e-02
3.793750000000000178e-01	1.193543302718568649e-02
3.796869999999999967e-01	1.220524913974881977e-02
3.800000000000000044e-01	1.246468596243229497e-02
3.803119999999999834e-01	1.271537105825425867e-02
3.806249999999999911e-01	1.295563556946202968e-02
3.809370000000000256e-01	1.318698338127415742e-02
3.812499999999999778e-01	1.340793157763075193e-02
3.815620000000000123e-01	1.361986053256598883e-02
3.818750000000000200e-01	1.382134841069588074e-02
3.821869999999999989e-01	1.401365084042493873e-02
3.825000000000000067e-01	1.419553548318494736e-02
3.828119999999999856e-01	1.436813339532921376e-02
3.831249999999999933e-01	1.453027514427331079e-02
3.834369999999999723e-01	1.468296631907278250e-02
3.837499999999999800e-01	1.482523079174065568e-02
3.840620000000000145e-01	1.495794875664912399e-02
3.843750000000000222e-01	1.508020917420697070e-02
3.846870000000000012e-01	1.519276649843840678e-02
3.850000000000000089e-01	1.529490647884779696e-02
3.853119999999999878e-01	1.538725832846002742e-02
3.856249999999999956e-01	1.546917545552718709e-02
3.859369999999999745e-01	1.554116148690758321e-02
3.862499999999999822e-01	1.560277056898044801e-02
3.865620000000000167e-01	1.565438159739781371e-02
3.868750000000000244e-01	1.569561885711932836e-02
3.871870000000000034e-01	1.572673713120608177e-02
3.875000000000000111e-01	1.574756472113735331e-02
3.878119999999999901e-01	1.575823323788942340e-02
3.881249999999999978e-01	1.575864383372086244e-02
3.884369999999999767e-01	1.574880623936371349e-02
3.887499999999999845e-01	1.572882840900632212e-02
3.890620000000000189e-01	1.569859957494943239e-02
3.893750000000000266e-01	1.565830314762624298e-02
3.896870000000000056e-01	1.560771022331238107e-02
3.900000000000000133e-01	1.554721266729413784e-02
3.903119999999999923e-01	1.547646517356624299e-02
3.906250000000000000e-01	1.539593749286137167e-02
3.909369999999999790e-01	1.530517148828007892e-02
3.912499999999999867e-01	1.520484474002875737e-02
3.915620000000000211e-01	1.509438822846960460e-02
3.918749999999999734e-01	1.497455941963379139e-02
3.921870000000000078e-01	1.484468265013710875e-02
3.925000000000000155e-01	1.470572078936652899e-02
3.928119999999999945e-01	1.455689482967192569e-02
3.931250000000000022e-01	1.439924791022637908e-02
3.934369999999999812e-01	1.423190273029316562e-02
3.937499999999999889e-01	1.405610129909161572e-02
3.940620000000000234e-01	1.387086986700615358e-02
3.943749999999999756e-01	1.367752780050704442e-02
3.946870000000000100e-01	1.347501039293958099e-02
3.950000000000000178e-01	1.326482241432408622e-02
3.953119999999999967e-01	1.304580845113828026e-02
3.956250000000000044e-01	1.281954283703583969e-02
3.959369999999999834e-01	1.258478422080358539e-02
3.962499999999999911e-01	1.234327224932035838e-02
3.965620000000000256e-01	1.209367857977815264e-02
3.968749999999999778e-01	1.183780009912430847e-02
3.971870000000000123e-01	1.157422555627462407e-02
3.975000000000000200e-01	1.130489098434247705e-02
3.978119999999999989e-01	1.102830043198240427e-02
3.981250000000000067e-01	1.074643213522023799e-02
3.984369999999999856e-01	1.045770979832043659e-02
3.987499999999999933e-01	1.016422471201463770e-02
3.990619999999999723e-01	9.864319731357842208e-03
3.993749999999999800e-01	9.560115393788459412e-03
3.996870000000000145e-01	9.249879925622754573e-03
4.000000000000000222e-01	8.935823770915831896e-03
4.003120000000000012e-01	8.616139082417062847e-03
4.006250000000000089e-01	8.293059440333932705e-03
4.009369999999999878e-01	7.964708413082589866e-03
4.012499999999999956e-01	7.633382715639612862e-03
4.015619999999999745e-01	7.297140603219108047e-03
4.018749999999999822e-01	6.958293522575312827e-03
4.021870000000000167e-01	6.614839061054622257e-03
4.025000000000000244e-01	6.269144061272083693e-03
4.028120000000000034e-01	5.919149759783816876e-03
4.031250000000000111e-01	5.567233752109424644e-03
4.034369999999999901e-01	5.211281829208173379e-03
4.037499999999999978e-01	4.853715861510229240e-03
4.040619999999999767e-01	4.492377638611867903e-03
4.043749999999999845e-01	4.129693964745919689e-03
4.046870000000000189e-01	3.763461369827067471e-03
4.050000000000000266e-01	3.396142587312233133e-03
4.053120000000000056e-01	3.025495094476678224e-03
4.056250000000000133e-01	2.653988110340491004e-03
4.059369999999999923e-01	2.279341367593789441e-03
4.062500000000000000e-01	1.904051191329769006e-03
4.065619999999999790e-01	1.525803722602342817e-03
4.068749999999999867e-01	1.147099673212309415e-03
4.071870000000000211e-01	7.655955167409706419e-04
4.074999999999999734e-01	3.838143262559132445e-04
4.078120000000000078e-01	-6.149335952872174697e-07
4.081250000000000155e-01	-3.851691201149685744e-04
4.084369999999999945e-01	-7.722463846758001980e-04
4.087500000000000022e-01	-1.159305112661506440e-03
4.090619999999999812e-01	-1.548762623666144955e-03
4.093749999999999889e-01	-1.938076059675534210e-03
4.096870000000000234e-01	-2.329688090679015843e-03
4.099999999999999756e-01	-2.721042091761525800e-03
4.103120000000000100e-01	-3.114598483659844919e-03
4.106250000000000178e-01	-3.507799079751420558e-03
4.109369999999999967e-01	-3.903122364856954300e-03
4.112500000000000044e-01	-4.298001965822263390e-03
4.115619999999999834e-01	-4.694931800522308442e-03
4.118749999999999911e-01	-5.091342989112788639e-03
4.121870000000000256e-01	-5.489747051008573783e-03
4.124999999999999778e-01	-5.887567238143862069e-03
4.128120000000000123e-01	-6.287327215443473498e-03
4.131250000000000200e-01	-6.686452433169208683e-03
4.134369999999999989e-01	-7.087479592028903159e-03
4.137500000000000067e-01	-7.487824493516861621e-03
4.140619999999999856e-01	-7.890037883763200560e-03
4.143749999999999933e-01	-8.291537295071958052e-03
4.146869999999999723e-01	-8.694883987745436263e-03
4.149999999999999800e-01	-9.097491356059635853e-03
4.153120000000000145e-01	-9.501932432807669304e-03
4.156250000000000222e-01	-9.905616722917145317e-03
4.159370000000000012e-01	-1.031113038946229049e-02
4.162500000000000089e-01	-1.071587918728280839e-02
4.165619999999999878e-01	-1.112245765995454987e-02
4.168749999999999956e-01	-1.152827251724669426e-02
4.171869999999999745e-01	-1.193592980665196014e-02
4.174999999999999822e-01	-1.234283089630238209e-02
4.178120000000000167e-01	-1.275159191018682137e-02
4.181250000000000244e-01	-1.315961181916635442e-02
4.184370000000000034e-01	-1.356951858935075833e-02
4.187500000000000111e-01	-1.397870542223510031e-02
4.190619999999999901e-01	-1.438980932094487131e-02
4.193749999999999978e-01	-1.480022049287304381e-02
4.196869999999999767e-01	-1.521258690294051592e-02
4.199999999999999845e-01	-1.562429069137503956e-02
4.203120000000000189e-01	-1.603798810910076270e-02
4.206250000000000266e-01	-1.645105589502525445e-02
4.209370000000000056e-01	-1.686616060038027484e-02
4.212500000000000133e-01	-1.728066686829915488e-02
4.215619999999999923e-01	-1.769725047105222618e-02
4.218750000000000000e-01	-1.811326815370962323e-02
4.221869999999999790e-01	-1.853140537709769761e-02
4.224999999999999867e-01	-1.894900740723767102e-02
4.228120000000000211e-01	-1.936876674756128971e-02
4.231249999999999734e-01	-1.978801674736489422e-02
4.234370000000000078e-01	-2.020946047398811465e-02
4.237500000000000155e-01	-2.063041741035472748e-02
4.240619999999999945e-01	-2.105359689550309957e-02
4.243750000000000022e-01	-2.147630732124800393e-02
4.246869999999999812e-01	-2.190126771021044805e-02
4.249999999999999889e-01	-2.232576731582548366e-02
4.253120000000000234e-01	-2.275253195961354780e-02
4.256249999999999756e-01	-2.317884091798544030e-02
4.259370000000000100e-01	-2.360742849740828445e-02
4.262500000000000178e-01	-2.403555146381851707e-02
4.265619999999999967e-01	-2.446594952500346504e-02
4.268750000000000044e-01	-2.489586787832580306e-02
4.271869999999999834e-01	-2.532805462699534021e-02
4.274999999999999911e-01	-2.575973422849859445e-02
4.278120000000000256e-01	-2.619365984916143322e-02
4.281249999999999778e-01	-2.662704328370675902e-02
4.284370000000000123e-01	-2.706264083679636029e-02
4.287500000000000200e-01	-2.749764430931602235e-02
4.290619999999999989e-01	-2.793481416384993588e-02
4.293750000000000067e-01	-2.837132905110804557e-02
4.296869999999999856e-01	-2.880995289529435580e-02
4.299999999999999933e-01	-2.924784264236594475e-02
4.303119999999999723e-01	-2.968776324606023365e-02
4.306249999999999800e-01	-3.012686026281000129e-02
4.309370000000000145e-01	-3.056789860159040209e-02
4.312500000000000222e-01	-3.100800426267294463e-02
4.315620000000000012e-01	-3.144994239376499440e-02
4.318750000000000089e-01	-3.189082703862439888e-02
4.321869999999999878e-01	-3.233341432783749109e-02
4.324999999999999956e-01	-3.277480019134221267e-02
4.328119999999999745e-01	-3.321772840532390136e-02
4.331249999999999822e-01	-3.365926944487982603e-02
4.334370000000000167e-01	-3.410214161643380232e-02
4.337500000000000244e-01	-3.454338937325304726e-02
4.340620000000000034e-01	-3.498569489359346085e-02
4.343750000000000111e-01	-3.542606435396293552e-02
4.346869999999999901e-01	-3.586713227069129178e-02
4.349999999999999978e-01	-3.630587238252335619e-02
4.353119999999999767e-01	-3.674486205922392751e-02
4.356249999999999845e-01	-3.718102624860633587e-02
4.359370000000000189e-01	-3.761686665221610631e-02
4.362500000000000266e-01	-3.804928023644153084e-02
4.365620000000000056e-01	-3.848068083438895698e-02
4.368750000000000133e-01	-3.890790998674430179e-02
4.371869999999999923e-01	-3.933327668330767468e-02
4.375000000000000000e-01	-3.975360515666692685e-02
4.378119999999999790e-01	-4.017108076806113343e-02
4.381249999999999867e-01	-4.058246954911177984e-02
4.384370000000000211e-01	-4.098981082149408955e-02
4.387499999999999734e-01	-4.138987640608999402e-02
4.390620000000000078e-01	-4.178454274940389401e-02
4.393750000000000155e-01	-4.217052765911549761e-02
4.396869999999999945e-01	-4.254951301980783307e-02
4.400000000000000022e-01	-4.291825942199348903e-02
4.403119999999999812e-01	-4.327823394581743061e-02
4.406249999999999889e-01	-4.362614796313184218e-02
4.409370000000000234e-01	-4.396321358789296446e-02
4.412499999999999756e-01	-4.428624202187925185e-02
4.415620000000000100e-01	-4.459617174746702967e-02
4.418750000000000178e-01	-4.488977569862807881e-02
4.421869999999999967e-01	-4.516766674665798759e-02
4.425000000000000044e-01	-4.542679709664036031e-02
4.428119999999999834e-01	-4.566745433406309285e-02
4.431249999999999911e-01	-4.588662747157017802e-02
4.434370000000000256e-01	-4.608429596375299836e-02
4.437499999999999778e-01	-4.625785634242339517e-02
4.440620000000000123e-01	-4.640703941692126550e-02
4.443750000000000200e-01	-4.652947145919171523e-02
4.446869999999999989e-01	-4.662466076805386883e-02
4.450000000000000067e-01	-4.669090170007848123e-02
4.453119999999999856e-01	-4.672754012216052966e-02
4.456249999999999933e-01	-4.673328773447308487e-02
4.459369999999999723e-01	-4.670736451559887037e-02
4.462499999999999800e-01	-4.664938546689131882e-02
4.465620000000000145e-01	-4.655850908986210179e-02
4.468750000000000222e-01	-4.643493681396757000e-02
4.471870000000000012e-01	-4.627780007358955200e-02
4.475000000000000089e-01	-4.608831987347625919e-02
4.478119999999999878e-01	-4.586556679064795333e-02
4.481249999999999956e-01	-4.561130710656009779e-02
4.484369999999999745e-01	-4.532450437848295488e-02
4.487499999999999822e-01	-4.500781255854675172e-02
4.490620000000000167e-01	-4.466003971662375893e-02
4.493750000000000244e-01	-4.428425763227743228e-02
4.496870000000000034e-01	-4.387909111743729801e-02
4.500000000000000111e-01	-4.344832395111498935e-02
4.503119999999999901e-01	-4.299036079916449676e-02
4.506249999999999978e-01	-4.250926228064111356e-02
4.509369999999999767e-01	-4.200319604490144326e-02
4.512499999999999845e-01	-4.147673491133586909e-02
4.515620000000000189e-01	-4.092777286738224357e-02
4.518750000000000266e-01	-4.036102027212701282e-02
4.521870000000000056e-01	-3.977409259686430498e-02
4.525000000000000133e-01	-3.917200486299440149e-02
4.528119999999999923e-01	-3.855206508433901835e-02
4.531250000000000000e-01	-3.791931766627647249e-02
4.534369999999999790e-01	-3.727079936295436130e-02
4.537499999999999867e-01	-3.661174805245585862e-02
4.540620000000000211e-01	-3.593895092406007574e-02
4.543749999999999734e-01	-3.525764891958237807e-02
4.546870000000000078e-01	-3.456441654261389190e-02
4.550000000000000155e-01	-3.386461755283522862e-02
4.553119999999999945e-01	-3.315463471691608432e-02
4.556250000000000022e-01	-3.243981778890409756e-02
4.559369999999999812e-01	-3.171639255400373475e-02
4.562499999999999889e-01	-3.098977138377828622e-02
4.565620000000000234e-01	-3.025603434217825558e-02
4.568749999999999756e-01	-2.952056658527475730e-02
4.571870000000000100e-01	-2.877933542570201494e-02
4.575000000000000178e-01	-2.803773976653731181e-02
4.578119999999999967e-01	-2.729164848309421562e-02
4.581250000000000044e-01	-2.654642170433197529e-02
4.584369999999999834e-01	-2.579785521366477485e-02
4.587499999999999911e-01	-2.505127840325723984e-02
4.590620000000000256e-01	-2.430242547351504911e-02
4.593749999999999778e-01	-2.355658109406897141e-02
4.596870000000000123e-01	-2.280944212857454606e-02
4.600000000000000200e-01	-2.206623108671703498e-02
4.603119999999999989e-01	-2.132261345376393682e-02
4.606250000000000067e-01	-2.058375975542375141e-02
4.609369999999999856e-01	-1.984532604703434511e-02
4.612499999999999933e-01	-1.911239386680729790e-02
4.615619999999999723e-01	-1.838061986691141847e-02
4.618749999999999800e-01	-1.765503061742633439e-02
4.621870000000000145e-01	-1.693129714917353604e-02
4.625000000000000222e-01	-1.621433568813407389e-02
4.628120000000000012e-01	-1.549984143678382817e-02
4.631250000000000089e-01	-1.479267468809513340e-02
4.634369999999999878e-01	-1.408856696668150076e-02
4.637499999999999956e-01	-1.339225012749149443e-02
4.640619999999999745e-01	-1.269949878136078340e-02
4.643749999999999822e-01	-1.201498618438423018e-02
4.646870000000000167e-01	-1.133453926460529365e-02
4.650000000000000244e-01	-1.066268748164460843e-02
4.653120000000000034e-01	-9.995317128332629336e-03
4.656250000000000111e-01	-9.336895832601919271e-03
4.659369999999999901e-01	-8.683374185872097875e-03
4.662499999999999978e-01	-8.039066151996437232e-03
4.665619999999999767e-01	-7.399992554478502377e-03
4.668749999999999845e-01	-6.770404520818021354e-03
4.671870000000000189e-01	-6.146400109419161012e-03
4.675000000000000266e-01	-5.532067433350332936e-03
4.678120000000000056e-01	-4.923585217694579665e-03
4.681250000000000133e-01	-4.324974979131692918e-03
4.684369999999999923e-01	-3.732502216993347291e-03
4.687500000000000000e-01	-3.150022528950874139e-03
4.690619999999999790e-01	-2.573890804693921858e-03
4.693749999999999867e-01	-2.007895468568572390e-03
4.696870000000000211e-01	-1.448484625314197874e-03
4.699999999999999734e-01	-8.992762344056803728e-04
4.703120000000000078e-01	-3.568151120671533187e-04
4.706250000000000155e-01	1.753440860979363369e-04
4.709369999999999945e-01	7.005581513070964061e-04
4.712500000000000022e-01	1.215447806735982413e-03
4.715619999999999812e-01	1.723266925075876786e-03
4.718749999999999889e-01	2.220699274746722792e-03
4.721870000000000234e-01	2.710891492835969079e-03
4.724999999999999756e-01	3.190703601895117977e-03
4.728120000000000100e-01	3.663177072421548459e-03
4.731250000000000178e-01	4.125230834183372247e-03
4.734369999999999967e-01	4.579797192320661167e-03
4.737500000000000044e-01	5.023971569465139446e-03
4.740619999999999834e-01	5.460574772785486801e-03
4.743749999999999911e-01	5.886762693837394901e-03
4.746870000000000256e-01	6.305240841994067501e-03
4.749999999999999778e-01	6.713339890759691293e-03
4.753120000000000123e-01	7.113652508665939921e-03
4.756250000000000200e-01	7.503566475993444021e-03
4.759369999999999989e-01	7.885556333504984208e-03
4.762500000000000067e-01	8.257185906721607738e-03
4.765619999999999856e-01	8.620810972017578858e-03
4.768749999999999933e-01	8.974050631408547751e-03
4.771869999999999723e-01	9.319141220471713338e-03
4.774999999999999800e-01	9.653877687519680020e-03
4.778120000000000145e-01	9.980376201188185040e-03
4.781250000000000222e-01	1.029648843857331256e-02
4.784370000000000012e-01	1.060420729038775989e-02
4.787500000000000089e-01	1.090156432952266337e-02
4.790619999999999878e-01	1.119043159836748298e-02
4.793749999999999956e-01	1.146889828091167580e-02
4.796869999999999745e-01	1.173871439347479867e-02
4.799999999999999822e-01	1.199815121615828428e-02
4.803120000000000167e-01	1.224883631198024798e-02
4.806250000000000244e-01	1.248910082318806236e-02
4.809370000000000034e-01	1.272044863500019010e-02
4.812500000000000111e-01	1.294139683135675338e-02
4.815619999999999901e-01	1.315332578629203192e-02
4.818749999999999978e-01	1.335481366442188740e-02
4.821869999999999767e-01	1.354711609415094019e-02
4.824999999999999845e-01	1.372900073691095402e-02
4.828120000000000189e-01	1.390159864905522041e-02
4.831250000000000266e-01	1.406374039799933827e-02
4.834370000000000056e-01	1.421643157279880998e-02
4.837500000000000133e-01	1.435869604546668316e-02
4.840619999999999923e-01	1.449141401037514799e-02
4.843750000000000000e-01	1.461367442793297736e-02
4.846869999999999790e-01	1.472623175216441864e-02
4.849999999999999867e-01	1.482837173257380882e-02
4.853120000000000211e-01	1.492072358218603928e-02
4.856249999999999734e-01	1.500264070925321977e-02
4.859370000000000078e-01	1.507462674063360548e-02
4.862500000000000155e-01	1.513623582270648242e-02
4.865619999999999945e-01	1.518784685112383771e-02
4.868750000000000022e-01	1.522908411084536277e-02
4.871869999999999812e-01	1.526020238493210404e-02
4.874999999999999889e-01	1.528102997486339640e-02
4.878120000000000234e-01	1.529169849161546649e-02
4.881249999999999756e-01	1.529210908744690726e-02
4.884370000000000100e-01	1.528227149308976872e-02
4.887500000000000178e-01	1.526229366273236694e-02
4.890619999999999967e-01	1.523206482867547722e-02
4.893750000000000044e-01	1.519176840135228607e-02
4.896869999999999834e-01	1.514117547703842590e-02
4.899999999999999911e-01	1.508067792102019307e-02
4.903120000000000256e-01	1.500993042729229822e-02
4.906249999999999778e-01	1.492940274658738353e-02
4.909370000000000123e-01	1.483863674200610293e-02
4.912500000000000200e-01	1.473830999375475882e-02
4.915619999999999989e-01	1.462785348219560605e-02
4.918750000000000067e-01	1.450802467335981366e-02
4.921869999999999856e-01	1.437814790386312061e-02
4.924999999999999933e-01	1.423918604309257381e-02
4.928119999999999723e-01	1.409036008339795837e-02
4.931249999999999800e-01	1.393271316395240135e-02
4.934370000000000145e-01	1.376536798401918789e-02
4.937500000000000222e-01	1.358956655281760677e-02
4.940620000000000012e-01	1.340433512073215504e-02
4.943750000000000089e-01	1.321099305423307710e-02
4.946869999999999878e-01	1.300847564666557030e-02
4.949999999999999956e-01	1.279828766805011023e-02
4.953119999999999745e-01	1.257927370486430253e-02
4.956249999999999822e-01	1.235300809076186196e-02
4.959370000000000167e-01	1.211824947452960766e-02
4.962500000000000244e-01	1.187673750304634943e-02
4.965620000000000034e-01	1.162714383350413154e-02
4.968750000000000111e-01	1.137126535285033248e-02
4.971869999999999901e-01	1.110769081000060297e-02
4.974999999999999978e-01	1.083835623806850973e-02
4.978119999999999767e-01	1.056176568570843868e-02
4.981249999999999845e-01	1.027989738894627067e-02
4.984370000000000189e-01	9.991175052046469274e-03
4.987500000000000266e-01	9.697689965740618340e-03
4.990620000000000056e-01	9.397784985083821110e-03
4.993750000000000133e-01	9.093580647514427906e-03
4.996869999999999923e-01	8.783345179348735210e-03
5.000000000000000000e-01	8.469289024641864574e-03
