# T 	 Position
6.250000000000000130e-04	0.000000000000000000e+00
9.374999999999999653e-04	3.691924860837083981e-04
1.250000000000000026e-03	2.841333491099110086e-04
1.562500000000000087e-03	1.990780977543823548e-04
1.874999999999999931e-03	1.140623242804646430e-04
2.187500000000000208e-03	2.910545677950192829e-05
2.500000000000000052e-03	-5.577975992058434036e-05
2.812499999999999896e-03	-1.405844666101410906e-04
3.125000000000000173e-03	-2.253024462999383092e-04
3.437500000000000017e-03	-3.099285699738613532e-04
3.749999999999999861e-03	-3.944577086157951868e-04
4.062500000000000139e-03	-4.788858211827403712e-04
4.375000000000000416e-03	-5.632085557822359267e-04
4.687499999999999827e-03	-6.474232701938590923e-04
5.000000000000000104e-03	-7.315279438961096474e-04
5.312500000000000382e-03	-8.155196238191038047e-04
5.624999999999999792e-03	-8.993967557155339940e-04
5.937500000000000069e-03	-9.831584070370154565e-04
6.250000000000000347e-03	-1.066803800659894570e-03
6.562499999999999757e-03	-1.150332470309979333e-03
6.875000000000000035e-03	-1.233744571412000125e-03
7.187500000000000312e-03	-1.317041036514341595e-03
7.499999999999999722e-03	-1.400223264439580395e-03
7.812500000000000000e-03	-1.483292809435024203e-03
8.125000000000000278e-03	-1.566251536597442102e-03
8.437500000000000555e-03	-1.649102088147257018e-03
8.750000000000000833e-03	-1.731847883428545062e-03
9.062499999999999375e-03	-1.814492497210113591e-03
9.374999999999999653e-03	-1.897039659685500123e-03
9.687499999999999931e-03	-1.979493878171897751e-03
1.000000000000000021e-02	-2.061860437110151455e-03
1.031250000000000049e-02	-2.144144931790568052e-03
1.062500000000000076e-02	-2.226352957503455014e-03
1.093749999999999931e-02	-2.308490886662772999e-03
1.124999999999999958e-02	-2.390565713381405041e-03
1.156249999999999986e-02	-2.472584742621697536e-03
1.187500000000000014e-02	-2.554555745620188008e-03
1.218750000000000042e-02	-2.636487115312336794e-03
1.250000000000000069e-02	-2.718387866332527478e-03
1.281249999999999924e-02	-2.800267168739874017e-03
1.312499999999999951e-02	-2.882134814292413617e-03
1.343749999999999979e-02	-2.964001061022377218e-03
1.375000000000000007e-02	-3.045876633236186022e-03
1.406250000000000035e-02	-3.127772721514453669e-03
1.437500000000000062e-02	-3.209700982711987532e-03
1.468749999999999917e-02	-3.291673695382515627e-03
1.499999999999999944e-02	-3.373703448929229760e-03
1.531249999999999972e-02	-3.455803143604782492e-03
1.562500000000000000e-02	-3.537986612210211254e-03
1.593750000000000028e-02	-3.620267998396012495e-03
1.625000000000000056e-02	-3.702661445812686566e-03
1.656250000000000083e-02	-3.785181875234384409e-03
1.687500000000000111e-02	-3.867845295408373942e-03
1.718750000000000139e-02	-3.950667715081923083e-03
1.750000000000000167e-02	-4.033665143002298017e-03
1.781249999999999847e-02	-4.116854365040420287e-03
1.812499999999999875e-02	-4.200253255040326678e-03
1.843749999999999903e-02	-4.283879375996593221e-03
1.874999999999999931e-02	-4.367749824629600479e-03
1.906249999999999958e-02	-4.451882319358655728e-03
1.937499999999999986e-02	-4.536295355726718131e-03
1.968750000000000014e-02	-4.621006341303631609e-03
2.000000000000000042e-02	-4.706031129411932835e-03
2.031250000000000069e-02	-4.791385728798889729e-03
2.062500000000000097e-02	-4.877086769910691719e-03
2.093750000000000125e-02	-4.963149018096761969e-03
2.125000000000000153e-02	-5.049585062760288817e-03
2.156249999999999833e-02	-5.136407493304465804e-03
2.187499999999999861e-02	-5.223628899132481268e-03
2.218749999999999889e-02	-5.311259382851835770e-03
2.249999999999999917e-02	-5.399306249424875269e-03
2.281249999999999944e-02	-5.487776648389212746e-03
2.312499999999999972e-02	-5.576677729282463782e-03
2.343750000000000000e-02	-5.666013377722896489e-03
2.375000000000000028e-02	-5.755784370834165359e-03
2.406250000000000056e-02	-5.845991174890461523e-03
2.437500000000000083e-02	-5.936633789891785848e-03
2.468750000000000111e-02	-6.027708796494062223e-03
2.500000000000000139e-02	-6.119209200584406309e-03
2.531250000000000167e-02	-6.211127541775740904e-03
2.562499999999999847e-02	-6.303455582557337782e-03
2.593749999999999875e-02	-6.396181666074389136e-03
2.624999999999999903e-02	-6.489290560703282404e-03
2.656249999999999931e-02	-6.582766257696751402e-03
2.687499999999999958e-02	-6.676591504909680855e-03
2.718749999999999986e-02	-6.770745630852879372e-03
2.750000000000000014e-02	-6.865205010967275791e-03
2.781250000000000042e-02	-6.959944621871216874e-03
2.812500000000000069e-02	-7.054937885935744744e-03
2.843750000000000097e-02	-7.150155117037286165e-03
2.875000000000000125e-02	-7.245563675982383788e-03
2.906250000000000153e-02	-7.341129680179732039e-03
2.937499999999999833e-02	-7.436817226516529572e-03
2.968749999999999861e-02	-7.532587614234815231e-03
2.999999999999999889e-02	-7.628399500356213177e-03
3.031249999999999917e-02	-7.724209832230303878e-03
3.062499999999999944e-02	-7.819973225835708669e-03
3.093749999999999972e-02	-7.915641965780083680e-03
3.125000000000000000e-02	-8.011166160724860624e-03
3.156250000000000028e-02	-8.106493898809966764e-03
3.187500000000000056e-02	-8.201569537981793362e-03
3.218750000000000083e-02	-8.296334327692115457e-03
3.250000000000000111e-02	-8.390725320924980954e-03
3.281250000000000139e-02	-8.484671488578433840e-03
3.312500000000000167e-02	-8.578090610969910101e-03
3.343750000000000194e-02	-8.670891298357723959e-03
3.375000000000000222e-02	-8.762972058392694275e-03
3.406250000000000250e-02	-8.854216167102028218e-03
3.437500000000000278e-02	-8.944487627846317568e-03
3.468750000000000305e-02	-9.033636455760387166e-03
3.500000000000000333e-02	-9.121498211479102045e-03
3.531249999999999667e-02	-9.207886229900827738e-03
3.562499999999999695e-02	-9.292586802020776429e-03
3.593749999999999722e-02	-9.375369122113791018e-03
3.624999999999999750e-02	-9.455985598583779850e-03
3.656249999999999778e-02	-9.534159730834733393e-03
3.687499999999999806e-02	-9.609579581432036235e-03
3.718749999999999833e-02	-9.681915028247570221e-03
3.749999999999999861e-02	-9.750819318707026895e-03
3.781249999999999889e-02	-9.815909797123297323e-03
3.812499999999999917e-02	-9.876759511761007415e-03
3.843749999999999944e-02	-9.932924725013855469e-03
3.874999999999999972e-02	-9.983947400200320760e-03
3.906250000000000000e-02	-1.002932613713899447e-02
3.937500000000000028e-02	-1.006850575869163572e-02
3.968750000000000056e-02	-1.010091837397701989e-02
4.000000000000000083e-02	-1.012598637806825554e-02
4.031250000000000111e-02	-1.014308072045257136e-02
4.062500000000000139e-02	-1.015150873527489832e-02
4.093750000000000167e-02	-1.015057116667158338e-02
4.125000000000000194e-02	-1.013956627198328575e-02
4.156250000000000222e-02	-1.011773229906211269e-02
4.187500000000000250e-02	-1.008423293851683743e-02
4.218750000000000278e-02	-1.003823452317665656e-02
4.250000000000000305e-02	-9.978915431287392612e-03
4.281250000000000333e-02	-9.905402331286951648e-03
4.312499999999999667e-02	-9.816773709946708185e-03
4.343749999999999695e-02	-9.712179083139991023e-03
4.374999999999999722e-02	-9.590863552949533202e-03
4.406249999999999750e-02	-9.452087142232227374e-03
4.437499999999999778e-02	-9.295128991086847731e-03
4.468749999999999806e-02	-9.119423664342917249e-03
4.499999999999999833e-02	-8.924581356775712279e-03
4.531249999999999861e-02	-8.710285157359231450e-03
4.562499999999999889e-02	-8.476300841024230273e-03
4.593749999999999917e-02	-8.222618926862131430e-03
4.624999999999999944e-02	-7.949468821775525565e-03
4.656249999999999972e-02	-7.657205049575258222e-03
4.687500000000000000e-02	-7.346322793453504037e-03
4.718750000000000028e-02	-7.017574619956562162e-03
4.750000000000000056e-02	-6.671945766452669867e-03
4.781250000000000083e-02	-6.310517989067858727e-03
4.812500000000000111e-02	-5.934470961508534967e-03
4.843750000000000139e-02	-5.545149107695701400e-03
4.875000000000000167e-02	-5.144039842302652529e-03
4.906250000000000194e-02	-4.732660110701525716e-03
4.937500000000000222e-02	-4.312567268694453629e-03
4.968750000000000250e-02	-3.885393275954330573e-03
5.000000000000000278e-02	-3.452815165325968331e-03
5.031250000000000305e-02	-3.016486655944565672e-03
5.062500000000000333e-02	-2.578053695708783840e-03
5.093749999999999667e-02	-2.139146690044209029e-03
5.124999999999999695e-02	-1.701347862709904138e-03
5.156249999999999722e-02	-1.266172604830679334e-03
5.187499999999999750e-02	-8.350850173702266269e-04
5.218749999999999778e-02	-4.094435124753164723e-04
5.249999999999999806e-02	9.517837491882376566e-06
5.281249999999999833e-02	4.206613235022664413e-04
5.312499999999999861e-02	8.229300573867238825e-04
5.343749999999999889e-02	1.215405478986511176e-03
5.374999999999999917e-02	1.597312018895176476e-03
5.406249999999999944e-02	1.967956482813568077e-03
5.437499999999999972e-02	2.326709400582140531e-03
5.468750000000000000e-02	2.673081184299026455e-03
5.500000000000000028e-02	3.006722128320033285e-03
5.531250000000000056e-02	3.327338479904040983e-03
5.562500000000000083e-02	3.634682492030233587e-03
5.593750000000000111e-02	3.928632933408619105e-03
5.625000000000000139e-02	4.209189337765009004e-03
5.656250000000000167e-02	4.476379992400398786e-03
5.687500000000000194e-02	4.730254788653361075e-03
5.718750000000000222e-02	4.970963400539608543e-03
5.750000000000000250e-02	5.198746891816537902e-03
5.781250000000000278e-02	5.413845238268429755e-03
5.812500000000000305e-02	5.616495462609679724e-03
5.843750000000000333e-02	5.807004684108253711e-03
5.874999999999999667e-02	5.985742658198611559e-03
5.906249999999999695e-02	6.153057070003441383e-03
5.937499999999999722e-02	6.309275399430444055e-03
5.968749999999999750e-02	6.454770976682879836e-03
5.999999999999999778e-02	6.589956298996164745e-03
6.031249999999999806e-02	6.715209670164951072e-03
6.062499999999999833e-02	6.830879241586119803e-03
6.093749999999999861e-02	6.937340363984436514e-03
6.124999999999999889e-02	7.034991390944821642e-03
6.156249999999999917e-02	7.124191664444767640e-03
6.187499999999999944e-02	7.205266799295205644e-03
6.218749999999999972e-02	7.278558574479055548e-03
6.250000000000000000e-02	7.344422601780277275e-03
6.281249999999999334e-02	7.403177346472182910e-03
6.312500000000000056e-02	7.455110033457195383e-03
6.343749999999999389e-02	7.500519233643100289e-03
6.375000000000000111e-02	7.539713620545162101e-03
6.406249999999999445e-02	7.572969819099177081e-03
6.437500000000000167e-02	7.600537643474876773e-03
6.468749999999999500e-02	7.622676077901117953e-03
6.500000000000000222e-02	7.639652048810492355e-03
6.531249999999999556e-02	7.651705205595347135e-03
6.562500000000000278e-02	7.659052816486796970e-03
6.593749999999999611e-02	7.661919310133310200e-03
6.625000000000000333e-02	7.660535201615805215e-03
6.656249999999999667e-02	7.655108034239993531e-03
6.687500000000000389e-02	7.645826597763583088e-03
6.718749999999999722e-02	7.632885142015062747e-03
6.750000000000000444e-02	7.616482361970227169e-03
6.781249999999999778e-02	7.596797695480730049e-03
6.812500000000000500e-02	7.573994944670307816e-03
6.843749999999999833e-02	7.548241781738497524e-03
6.875000000000000555e-02	7.519708909667086397e-03
6.906249999999999889e-02	7.488550991605642283e-03
6.937500000000000611e-02	7.454909464059150496e-03
6.968749999999999944e-02	7.418928328040650180e-03
7.000000000000000666e-02	7.380753527372322341e-03
7.031250000000000000e-02	7.340517173075301015e-03
7.062499999999999334e-02	7.298340496439572993e-03
7.093750000000000056e-02	7.254346127577705403e-03
7.124999999999999389e-02	7.208657162876449566e-03
7.156250000000000111e-02	7.161385197292487181e-03
7.187499999999999445e-02	7.112632655723380784e-03
7.218750000000000167e-02	7.062501963066702450e-03
7.249999999999999500e-02	7.011094922521087132e-03
7.281250000000000222e-02	6.958503390102415212e-03
7.312499999999999556e-02	6.904811450590018704e-03
7.343750000000000278e-02	6.850102100790122182e-03
7.374999999999999611e-02	6.794456316987443172e-03
7.406250000000000333e-02	6.737946682531249266e-03
7.437499999999999667e-02	6.680638786657912449e-03
7.468750000000000389e-02	6.622596042657582886e-03
7.499999999999999722e-02	6.563879221599980447e-03
7.531250000000000444e-02	6.504541634167758206e-03
7.562499999999999778e-02	6.444630063204869960e-03
7.593750000000000500e-02	6.384188338485387998e-03
7.624999999999999833e-02	6.323257181288764045e-03
7.656250000000000555e-02	6.261870474206309746e-03
7.687499999999999889e-02	6.200056193689557245e-03
7.718750000000000611e-02	6.137839207695427665e-03
7.749999999999999944e-02	6.075241275686222436e-03
7.781250000000000666e-02	6.012278872683407549e-03
7.812500000000000000e-02	5.948963810966515116e-03
7.843749999999999334e-02	5.885306037718317923e-03
7.875000000000000056e-02	5.821313479600079104e-03
7.906249999999999389e-02	5.756990333079530994e-03
7.937500000000000111e-02	5.692337375280327218e-03
7.968749999999999445e-02	5.627354139928274039e-03
8.000000000000000167e-02	5.562039694474994397e-03
8.031249999999999500e-02	5.496390308726937547e-03
8.062500000000000222e-02	5.430399765694884917e-03
8.093749999999999556e-02	5.364061848389600588e-03
8.125000000000000278e-02	5.297370339821857316e-03
8.156249999999999611e-02	5.230317313330384160e-03
8.187500000000000333e-02	5.162893132581876030e-03
8.218749999999999667e-02	5.095088782941950209e-03
8.250000000000000389e-02	5.026896493174067004e-03
8.281249999999999722e-02	4.958307404068573211e-03
8.312500000000000444e-02	4.889311102168512717e-03
8.343749999999999778e-02	4.819898728264227113e-03
8.375000000000000500e-02	4.750063132818104286e-03
8.406249999999999833e-02	4.679796389168875900e-03
8.437500000000000555e-02	4.609089793531622598e-03
8.468749999999999889e-02	4.537936662642915592e-03
8.500000000000000611e-02	4.466332333760840954e-03
8.531249999999999944e-02	4.394271522444545032e-03
8.562500000000000666e-02	4.321748322554263937e-03
8.593750000000000000e-02	4.248759314745918954e-03
8.624999999999999334e-02	4.175303411046395706e-03
8.656250000000000056e-02	4.101378901783657438e-03
8.687499999999999389e-02	4.026983611011468456e-03
8.718750000000000111e-02	3.952117694154566943e-03
8.749999999999999445e-02	3.876783793433368451e-03
8.781250000000000167e-02	3.800984084794109975e-03
8.812499999999999500e-02	3.724720122484093555e-03
8.843750000000000222e-02	3.647995792121593375e-03
8.874999999999999556e-02	3.570817621545294401e-03
8.906250000000000278e-02	3.493191516894971361e-03
8.937499999999999611e-02	3.415122762611464465e-03
8.968750000000000333e-02	3.336619129931317745e-03
8.999999999999999667e-02	3.257690876886753031e-03
9.031250000000000389e-02	3.178347639811086259e-03
9.062499999999999722e-02	3.098598588763416643e-03
9.093750000000000444e-02	3.018455069749107714e-03
9.124999999999999778e-02	2.937930449294992325e-03
9.156250000000000500e-02	2.857037627653729109e-03
9.187499999999999833e-02	2.775788883379040010e-03
9.218750000000000555e-02	2.694198049271970263e-03
9.249999999999999889e-02	2.612280667805588416e-03
9.281250000000000611e-02	2.530051504329319800e-03
9.312499999999999944e-02	2.447524702493660432e-03
9.343750000000000666e-02	2.364715649346958021e-03
9.375000000000000000e-02	2.281640819910665981e-03
9.406249999999999334e-02	2.198315756657868037e-03
9.437500000000000056e-02	2.114755224937981716e-03
9.468749999999999389e-02	2.030974922648806809e-03
9.500000000000000111e-02	1.946991480236545538e-03
9.531249999999999445e-02	1.862820440174261247e-03
9.562500000000000167e-02	1.778476567811387290e-03
9.593749999999999500e-02	1.693975094771526689e-03
9.625000000000000222e-02	1.609331563527760349e-03
9.656249999999999556e-02	1.524560739429505797e-03
9.687500000000000278e-02	1.439676921551998967e-03
9.718749999999999611e-02	1.354694253545728286e-03
9.750000000000000333e-02	1.269626879061202347e-03
9.781249999999999667e-02	1.184488320049989149e-03
9.812500000000000389e-02	1.099291321340018900e-03
9.843749999999999722e-02	1.014048627759201642e-03
9.875000000000000444e-02	9.287726732860070427e-04
9.906249999999999778e-02	8.434751147752339107e-04
9.937500000000000500e-02	7.581671428075055334e-04
9.968749999999999833e-02	6.728596371139649278e-04
1.000000000000000056e-01	5.875631665763107270e-04
1.003119999999999984e-01	5.022875229525736304e-04
1.006250000000000061e-01	4.171824590898992797e-04
1.009369999999999989e-01	3.318474327744737784e-04
1.012500000000000067e-01	2.468317503172805650e-04
1.015619999999999995e-01	1.615986900856147032e-04
1.018749999999999933e-01	7.670109660337122697e-05
1.021870000000000001e-01	-8.398862862465765128e-06
1.024999999999999939e-01	-9.315167708895942013e-05
1.028120000000000006e-01	-1.780940950635518988e-04
1.031249999999999944e-01	-2.626771466900529057e-04
1.034370000000000012e-01	-3.474385164884425531e-04
1.037499999999999950e-01	-4.318327188606533988e-04
1.040620000000000017e-01	-5.163960720811142102e-04
1.043749999999999956e-01	-6.005838903052529345e-04
1.046870000000000023e-01	-6.849333482599335695e-04
1.049999999999999961e-01	-7.689034544842630837e-04
1.053120000000000028e-01	-8.530298324419533082e-04
1.056249999999999967e-01	-9.367727609273491206e-04
1.059370000000000034e-01	-1.020668119544122614e-03
1.062499999999999972e-01	-1.104179680537207588e-03
1.065620000000000039e-01	-1.187842307405550602e-03
1.068749999999999978e-01	-1.271121104321861536e-03
1.071870000000000045e-01	-1.354550688094954868e-03
1.074999999999999983e-01	-1.437599824455514834e-03
1.078120000000000051e-01	-1.520802436396360372e-03
1.081249999999999989e-01	-1.603628429595319559e-03
1.084370000000000056e-01	-1.686611386354202073e-03
1.087499999999999994e-01	-1.769224788363041529e-03
1.090620000000000062e-01	-1.852001633526658255e-03
1.093750000000000000e-01	-1.934416565366035888e-03
1.096870000000000067e-01	-2.017002554928599544e-03
1.100000000000000006e-01	-2.099237327372553003e-03
1.103119999999999934e-01	-2.181653477244457039e-03
1.106250000000000011e-01	-2.263729970116202129e-03
1.109369999999999939e-01	-2.345999319962175766e-03
1.112500000000000017e-01	-2.427942826958056060e-03
1.115619999999999945e-01	-2.510093086645135210e-03
1.118750000000000022e-01	-2.591932936038826227e-03
1.121869999999999951e-01	-2.673995395922483791e-03
1.125000000000000028e-01	-2.755765105741039920e-03
1.128119999999999956e-01	-2.837775415032241060e-03
1.131250000000000033e-01	-2.919512072351895717e-03
1.134369999999999962e-01	-3.001509305076629618e-03
1.137500000000000039e-01	-3.083253876374894738e-03
1.140619999999999967e-01	-3.165280998394410031e-03
1.143750000000000044e-01	-3.247078174374024798e-03
1.146869999999999973e-01	-3.329182043384827823e-03
1.150000000000000050e-01	-3.411080549325866407e-03
1.153119999999999978e-01	-3.493311603512902659e-03
1.156250000000000056e-01	-3.575363578568559620e-03
1.159369999999999984e-01	-3.657776614972261219e-03
1.162500000000000061e-01	-3.740038232873066099e-03
1.165619999999999989e-01	-3.822690694981840422e-03
1.168750000000000067e-01	-3.905221853683550019e-03
1.171869999999999995e-01	-3.988176789228577851e-03
1.174999999999999933e-01	-4.071041421264278738e-03
1.178120000000000001e-01	-4.154363746057660421e-03
1.181249999999999939e-01	-4.237629197833571275e-03
1.184370000000000006e-01	-4.321389120583365474e-03
1.187499999999999944e-01	-4.405125376498561680e-03
1.190620000000000012e-01	-4.489392483219182585e-03
1.193749999999999950e-01	-4.573670458729057510e-03
1.196870000000000017e-01	-4.658516981882892399e-03
1.199999999999999956e-01	-4.743405730330222531e-03
1.203120000000000023e-01	-4.828896897076197237e-03
1.206249999999999961e-01	-4.914460816522217730e-03
1.209370000000000028e-01	-5.000660764305383393e-03
1.212499999999999967e-01	-5.086958511297451357e-03
1.215620000000000034e-01	-5.173919857730497653e-03
1.218749999999999972e-01	-5.261001709309191636e-03
1.221870000000000039e-01	-5.348772401802493956e-03
1.224999999999999978e-01	-5.436678393389021355e-03
1.228120000000000045e-01	-5.525290344991699680e-03
1.231249999999999983e-01	-5.614049184155519255e-03
1.234370000000000051e-01	-5.703527769633458429e-03
1.237499999999999989e-01	-5.793155129155748082e-03
1.240620000000000056e-01	-5.883506264098533993e-03
1.243749999999999994e-01	-5.974003850915858907e-03
1.246870000000000062e-01	-6.065224577528696009e-03
1.250000000000000000e-01	-6.156578580972498632e-03
1.253120000000000067e-01	-6.248643991509736199e-03
1.256249999999999867e-01	-6.340824307426084702e-03
1.259369999999999934e-01	-6.433698752676757573e-03
1.262500000000000011e-01	-6.526658673074249399e-03
1.265620000000000078e-01	-6.620283931182908803e-03
1.268749999999999878e-01	-6.713959058000296652e-03
1.271869999999999945e-01	-6.808263830545001859e-03
1.275000000000000022e-01	-6.902572075651216242e-03
1.278120000000000089e-01	-6.997463269932604688e-03
1.281249999999999889e-01	-7.092304544774634054e-03
1.284369999999999956e-01	-7.187674123445932095e-03
1.287500000000000033e-01	-7.282930028696720307e-03
1.290620000000000100e-01	-7.378648938500785570e-03
1.293749999999999900e-01	-7.474183384763444758e-03
1.296869999999999967e-01	-7.570107005102076278e-03
1.300000000000000044e-01	-7.665765592205681794e-03
1.303120000000000112e-01	-7.761729220610773770e-03
1.306249999999999911e-01	-7.857339392786408944e-03
1.309369999999999978e-01	-7.953161202714690778e-03
1.312500000000000056e-01	-8.048532558947557244e-03
1.315620000000000123e-01	-8.144012821413604622e-03
1.318749999999999922e-01	-8.238936339562756908e-03
1.321869999999999989e-01	-8.333852752936609862e-03
1.325000000000000067e-01	-8.428092720580307104e-03
1.328120000000000134e-01	-8.522189202102008199e-03
1.331249999999999933e-01	-8.615458853897656893e-03
1.334370000000000001e-01	-8.708408022385287148e-03
1.337500000000000078e-01	-8.800341453204201317e-03
1.340619999999999867e-01	-8.891731552487472379e-03
1.343749999999999944e-01	-8.981858578894564779e-03
1.346870000000000012e-01	-9.071150044933300183e-03
1.350000000000000089e-01	-9.158871221842864244e-03
1.353119999999999878e-01	-9.245397461094066391e-03
1.356249999999999956e-01	-9.329962512298624333e-03
1.359370000000000023e-01	-9.412877284103790890e-03
1.362500000000000100e-01	-9.493364774211428270e-03
1.365619999999999890e-01	-9.571663985073987010e-03
1.368749999999999967e-01	-9.646963163910327738e-03
1.371870000000000034e-01	-9.719414347440769736e-03
1.375000000000000111e-01	-9.788208391035490077e-03
1.378119999999999901e-01	-9.853403014217228251e-03
1.381249999999999978e-01	-9.914155369311511076e-03
1.384370000000000045e-01	-9.970410446905563634e-03
1.387500000000000122e-01	-1.002135148581173238e-02
1.390619999999999912e-01	-1.006680282872950832e-02
1.393749999999999989e-01	-1.010591976288766243e-02
1.396870000000000056e-01	-1.013838423835750069e-02
1.400000000000000133e-01	-1.016341213364219294e-02
1.403119999999999923e-01	-1.018053382697432611e-02
1.406250000000000000e-01	-1.018894835697293534e-02
1.409370000000000067e-01	-1.018800928825985483e-02
1.412499999999999867e-01	-1.017702200140305734e-02
1.415619999999999934e-01	-1.015515309412521293e-02
1.418750000000000011e-01	-1.012170733255681083e-02
1.421870000000000078e-01	-1.007563531975208364e-02
1.424999999999999878e-01	-1.001641113840984199e-02
1.428119999999999945e-01	-9.942780417449406660e-03
1.431250000000000022e-01	-9.854293601903305055e-03
1.434370000000000089e-01	-9.749531623693694429e-03
1.437499999999999889e-01	-9.628410198351535290e-03
1.440619999999999956e-01	-9.489411745377091326e-03
1.443750000000000033e-01	-9.332704727273542430e-03
1.446870000000000100e-01	-9.156718272006817566e-03
1.449999999999999900e-01	-8.962187712131716374e-03
1.453119999999999967e-01	-8.747548638796183440e-03
1.456250000000000044e-01	-8.513938697367313610e-03
1.459370000000000112e-01	-8.259850892142546475e-03
1.462499999999999911e-01	-7.987137827224077488e-03
1.465619999999999978e-01	-7.694406432988304921e-03
1.468750000000000056e-01	-7.384021588476340735e-03
1.471870000000000123e-01	-7.054747417901795735e-03
1.474999999999999922e-01	-6.709671570563503079e-03
1.478119999999999989e-01	-6.347665508734898557e-03
1.481250000000000067e-01	-5.972220156419662251e-03
1.484370000000000134e-01	-5.582275387640718393e-03
1.487499999999999933e-01	-5.181807897072291530e-03
1.490620000000000001e-01	-4.769769957900629569e-03
1.493750000000000078e-01	-4.350349264440760838e-03
1.496869999999999867e-01	-3.922491793312244193e-03
1.499999999999999944e-01	-3.490605807660916368e-03
1.503120000000000012e-01	-3.053579172664492355e-03
1.506250000000000089e-01	-2.615847705165077943e-03
1.509369999999999878e-01	-2.176238448291429196e-03
1.512499999999999956e-01	-1.739140099080879916e-03
1.515620000000000023e-01	-1.303268560789037824e-03
1.518750000000000100e-01	-8.728707134685126596e-04
1.521869999999999890e-01	-4.465481821657610534e-04
1.524999999999999967e-01	-2.825717035853804433e-05
1.528120000000000034e-01	3.835441452294722055e-04
1.531250000000000111e-01	7.851692491397223653e-04
1.534369999999999901e-01	1.178272631414078748e-03
1.537499999999999978e-01	1.559568120858865125e-03
1.540620000000000045e-01	1.930805615919534623e-03
1.543750000000000122e-01	2.288984529019685247e-03
1.546869999999999912e-01	2.635910507590526891e-03
1.549999999999999989e-01	2.969017626101078111e-03
1.553120000000000056e-01	3.290146963847627882e-03
1.556250000000000133e-01	3.596999225554423259e-03
1.559369999999999923e-01	3.891419987639023210e-03
1.562500000000000000e-01	4.171527501748422719e-03
1.565620000000000067e-01	4.439145661431237282e-03
1.568749999999999867e-01	4.692614258010198609e-03
1.571869999999999934e-01	4.933708003675449025e-03
1.575000000000000011e-01	5.161127041366338902e-03
1.578120000000000078e-01	5.376569545172559320e-03
1.581249999999999878e-01	5.578895529154867007e-03
1.584369999999999945e-01	5.769709565407826930e-03
1.587500000000000022e-01	5.948161558739645249e-03
1.590620000000000089e-01	6.115743673603370005e-03
1.593749999999999889e-01	6.271712053703291413e-03
1.596869999999999956e-01	6.417440423879321350e-03
1.600000000000000033e-01	6.552409449676908047e-03
1.603120000000000100e-01	6.677863226239566172e-03
1.606249999999999900e-01	6.793347726346464673e-03
1.609369999999999967e-01	6.899979186540610744e-03
1.612500000000000044e-01	6.997473971857861262e-03
1.615620000000000112e-01	7.086816965795410782e-03
1.618749999999999911e-01	7.167762380430087871e-03
1.621869999999999978e-01	7.241171422454226354e-03
1.625000000000000056e-01	7.306930067311769549e-03
1.628120000000000123e-01	7.365778819595179827e-03
1.631249999999999922e-01	7.417628414281026046e-03
1.634369999999999989e-01	7.463110269187222222e-03
1.637500000000000067e-01	7.502241945070242321e-03
1.640620000000000134e-01	7.535551353541941957e-03
1.643749999999999933e-01	7.563075069398643782e-03
1.646870000000000001e-01	7.585248925319967514e-03
1.650000000000000078e-01	7.602197734675887608e-03
1.653119999999999867e-01	7.614270176511598112e-03
1.656249999999999944e-01	7.621606031225618832e-03
1.659370000000000012e-01	7.624477111261966818e-03
1.662500000000000089e-01	7.623095217318089610e-03
1.665619999999999878e-01	7.617659366474477216e-03
1.668749999999999956e-01	7.608392780296428445e-03
1.671870000000000023e-01	7.595430618218709969e-03
1.675000000000000100e-01	7.579054082621944875e-03
1.678119999999999890e-01	7.559337920666062659e-03
1.681249999999999967e-01	7.536571654256944350e-03
1.684370000000000034e-01	7.510777286264443305e-03
1.687500000000000111e-01	7.482290066788344768e-03
1.690619999999999901e-01	7.451082296058001396e-03
1.693749999999999978e-01	7.417494594955586704e-03
1.696870000000000045e-01	7.381455889119456319e-03
1.700000000000000122e-01	7.343342168132194897e-03
1.703119999999999912e-01	7.303041435668298012e-03
1.706249999999999989e-01	7.260932241715187252e-03
1.709370000000000056e-01	7.216867481863137139e-03
1.712500000000000133e-01	7.171251619505403588e-03
1.715619999999999923e-01	7.123904018776506739e-03
1.718750000000000000e-01	7.075229481273915405e-03
1.721870000000000067e-01	7.025018579508983396e-03
1.724999999999999867e-01	6.973693790228241776e-03
1.728119999999999934e-01	6.921018111357701841e-03
1.731250000000000011e-01	6.867412078948525490e-03
1.734370000000000078e-01	6.812615194188947204e-03
1.737499999999999878e-01	6.757058443640355169e-03
1.740619999999999945e-01	6.700458393769034154e-03
1.743750000000000022e-01	6.643242190529093961e-03
1.746870000000000089e-01	6.585106578138361262e-03
1.749999999999999889e-01	6.526483703994450866e-03
1.753119999999999956e-01	6.467051176422339981e-03
1.756250000000000033e-01	6.407235463972990076e-03
1.759370000000000100e-01	6.346697032493952943e-03
1.762499999999999900e-01	6.285863365148846096e-03
1.765619999999999967e-01	6.224378439335064017e-03
1.768750000000000044e-01	6.162663061667134588e-03
1.771870000000000112e-01	6.100346528495411043e-03
1.774999999999999911e-01	6.037848753177422513e-03
1.778119999999999978e-01	5.974785610329804743e-03
1.781250000000000056e-01	5.911571852711660843e-03
1.784370000000000123e-01	5.847812227026262348e-03
1.787499999999999922e-01	5.783922057001009316e-03
1.790619999999999989e-01	5.719495993446031823e-03
1.793750000000000067e-01	5.654946480379306750e-03
1.796870000000000134e-01	5.589859271850690370e-03
1.799999999999999933e-01	5.524649329510130519e-03
1.803120000000000001e-01	5.458894904744885507e-03
1.806250000000000078e-01	5.393009946581677448e-03
1.809369999999999867e-01	5.326565888608704100e-03
1.812499999999999944e-01	5.259981086454672793e-03
1.815620000000000012e-01	5.192820775120812922e-03
1.818750000000000089e-01	5.125504473061499172e-03
1.821869999999999878e-01	5.057591636462147044e-03
1.824999999999999956e-01	4.989508454357897797e-03
1.828120000000000023e-01	4.920809622709833298e-03
1.831250000000000100e-01	4.851923714892811788e-03
1.834369999999999890e-01	4.782400281190278546e-03
1.837499999999999967e-01	4.712676422696875610e-03
1.840620000000000034e-01	4.642297252257805880e-03
1.843750000000000111e-01	4.571703787173570996e-03
1.846869999999999901e-01	4.500436811275442678e-03
1.849999999999999978e-01	4.428947049319580456e-03
1.853120000000000045e-01	4.356770940705178945e-03
1.856250000000000122e-01	4.284363777934723817e-03
1.859369999999999912e-01	4.211257987713884141e-03
1.862499999999999989e-01	4.137919613460285494e-03
1.865620000000000056e-01	4.063876824982721146e-03
1.868750000000000133e-01	3.989600566675769941e-03
1.871869999999999923e-01	3.914614864351893299e-03
1.875000000000000000e-01	3.839401497871855386e-03
1.878120000000000067e-01	3.763480509698769773e-03
1.881249999999999867e-01	3.687338569728448954e-03
1.884369999999999934e-01	3.610491480437371271e-03
1.887500000000000011e-01	3.533436794933993673e-03
1.890620000000000078e-01	3.455686488516225650e-03
1.893749999999999878e-01	3.377742644239572264e-03
1.896869999999999945e-01	3.299113405747141833e-03
1.900000000000000022e-01	3.220311437907449024e-03
1.903120000000000089e-01	3.140841251652455937e-03
1.906249999999999889e-01	3.061219799086464972e-03
1.909369999999999956e-01	2.980948050441738217e-03
1.912500000000000033e-01	2.900552269380349008e-03
1.915620000000000100e-01	2.819530019224454707e-03
1.918749999999999900e-01	2.738411272940605504e-03
1.921869999999999967e-01	2.656689893498969529e-03
1.925000000000000044e-01	2.574903579842932697e-03
1.928120000000000112e-01	2.492542849705099185e-03
1.931249999999999911e-01	2.410148090752377379e-03
1.934369999999999978e-01	2.327206543120644445e-03
1.937500000000000056e-01	2.244264633411451916e-03
1.940620000000000123e-01	2.160806250057444727e-03
1.943749999999999922e-01	2.077379415188307203e-03
1.946869999999999989e-01	1.993465064415478414e-03
1.950000000000000067e-01	1.909615995511071938e-03
1.953120000000000134e-01	1.825310281784688592e-03
1.956249999999999933e-01	1.741101359617589937e-03
1.959370000000000001e-01	1.656464684220871437e-03
1.962500000000000078e-01	1.571956582627093276e-03
1.965619999999999867e-01	1.487050125210280689e-03
1.968749999999999944e-01	1.402302121441380842e-03
1.971870000000000012e-01	1.317183481166301663e-03
1.975000000000000089e-01	1.232252214480946545e-03
1.978119999999999878e-01	1.146977433775315559e-03
1.981249999999999956e-01	1.061916750263285731e-03
1.984370000000000023e-01	9.765376683727382094e-04
1.987500000000000100e-01	8.913981554266971804e-04
1.990619999999999890e-01	8.059641208223079388e-04
1.993749999999999967e-01	7.207926416097314290e-04
1.996870000000000034e-01	6.353486439070812897e-04
2.000000000000000111e-01	5.501886477222836438e-04
2.003119999999999901e-01	4.647765630687494733e-04
2.006249999999999978e-01	3.796714992060751226e-04
2.009370000000000045e-01	2.943364728906495672e-04
2.012500000000000122e-01	2.093207904334523693e-04
2.015619999999999912e-01	1.240877302017864804e-04
2.018749999999999989e-01	3.919013671954704958e-05
2.021870000000000056e-01	-4.590982274629398964e-05
2.025000000000000133e-01	-1.306626369727876429e-04
2.028119999999999923e-01	-2.156050549473841602e-04
2.031250000000000000e-01	-3.001881065738757617e-04
2.034370000000000067e-01	-3.849494763722681196e-04
2.037499999999999867e-01	-4.693436787444789653e-04
2.040619999999999934e-01	-5.539070319649357652e-04
2.043750000000000011e-01	-6.380948501890744895e-04
2.046870000000000078e-01	-7.224443081437577265e-04
2.049999999999999878e-01	-8.064144143680872408e-04
2.053119999999999945e-01	-8.905407923257734537e-04
2.056250000000000022e-01	-9.742837208111705671e-04
2.059370000000000089e-01	-1.058179079427948180e-03
2.062499999999999889e-01	-1.141690640421033154e-03
2.065619999999999956e-01	-1.225353267289373566e-03
2.068750000000000033e-01	-1.308632064205684500e-03
2.071870000000000100e-01	-1.392061647978781735e-03
2.074999999999999900e-01	-1.475110784339341702e-03
2.078119999999999967e-01	-1.558313396280183337e-03
2.081250000000000044e-01	-1.641139389479142523e-03
2.084370000000000112e-01	-1.724122346238028940e-03
2.087499999999999911e-01	-1.806735748246868396e-03
2.090619999999999978e-01	-1.889512593410482520e-03
2.093750000000000056e-01	-1.971927525249860154e-03
2.096870000000000123e-01	-2.054513514812427496e-03
2.099999999999999922e-01	-2.136748287256381388e-03
2.103119999999999989e-01	-2.219164437128281087e-03
2.106250000000000067e-01	-2.301240930000027479e-03
2.109370000000000134e-01	-2.383510279846001549e-03
2.112499999999999933e-01	-2.465453786841885746e-03
2.115620000000000001e-01	-2.547604046528957090e-03
2.118750000000000078e-01	-2.629443895922651576e-03
2.121869999999999867e-01	-2.711506355806310442e-03
2.124999999999999944e-01	-2.793276065624862668e-03
2.128120000000000012e-01	-2.875286374916063807e-03
2.131250000000000089e-01	-2.957023032235724103e-03
2.134369999999999878e-01	-3.039020264960458004e-03
2.137499999999999956e-01	-3.120764836258718786e-03
2.140620000000000023e-01	-3.202791958278234079e-03
2.143750000000000100e-01	-3.284589134257853184e-03
2.146869999999999890e-01	-3.366693003268656208e-03
2.149999999999999967e-01	-3.448591509209690455e-03
2.153120000000000034e-01	-3.530822563396726708e-03
2.156250000000000111e-01	-3.612874538452389307e-03
2.159369999999999901e-01	-3.695287574856089170e-03
2.162499999999999978e-01	-3.777549192756890148e-03
2.165620000000000045e-01	-3.860201654865664904e-03
2.168750000000000122e-01	-3.942732813567378404e-03
2.171869999999999912e-01	-4.025687749112405803e-03
2.174999999999999989e-01	-4.108552381148103221e-03
2.178120000000000056e-01	-4.191874705941489240e-03
2.181250000000000133e-01	-4.275140157717399227e-03
2.184369999999999923e-01	-4.358900080467197763e-03
2.187500000000000000e-01	-4.442636336382387030e-03
2.190620000000000067e-01	-4.526903443103010537e-03
2.193749999999999867e-01	-4.611181418612885462e-03
2.196869999999999934e-01	-4.696027941766716882e-03
2.200000000000000011e-01	-4.780916690214047013e-03
2.203120000000000078e-01	-4.866407856960025188e-03
2.206249999999999878e-01	-4.951971776406049151e-03
2.209369999999999945e-01	-5.038171724189209610e-03
2.212500000000000022e-01	-5.124469471181278442e-03
2.215620000000000089e-01	-5.211430817614327339e-03
2.218749999999999889e-01	-5.298512669193019588e-03
2.221869999999999956e-01	-5.386283361686320173e-03
2.225000000000000033e-01	-5.474189353272844102e-03
2.228120000000000100e-01	-5.562801304875528499e-03
2.231249999999999900e-01	-5.651560144039349809e-03
2.234369999999999967e-01	-5.741038729517283778e-03
2.237500000000000044e-01	-5.830666089039576033e-03
2.240620000000000112e-01	-5.921017223982364547e-03
2.243749999999999911e-01	-6.011514810799689461e-03
2.246869999999999978e-01	-6.102735537412521359e-03
2.250000000000000056e-01	-6.194089540856323982e-03
2.253120000000000123e-01	-6.286154951393566753e-03
2.256249999999999922e-01	-6.378335267309915256e-03
2.259369999999999989e-01	-6.471209712560588995e-03
2.262500000000000067e-01	-6.564169632958074749e-03
2.265620000000000134e-01	-6.657794891066736755e-03
2.268749999999999933e-01	-6.751470017884128073e-03
2.271870000000000001e-01	-6.845774790428827208e-03
2.275000000000000078e-01	-6.940083035535044194e-03
2.278119999999999867e-01	-7.034974229816435241e-03
2.281249999999999944e-01	-7.129815504658454199e-03
2.284370000000000012e-01	-7.225185083329757445e-03
2.287500000000000089e-01	-7.320440988580545656e-03
2.290619999999999878e-01	-7.416159898384613522e-03
2.293749999999999956e-01	-7.511694344647264904e-03
2.296870000000000023e-01	-7.607617964985902495e-03
2.300000000000000100e-01	-7.703276552089508011e-03
2.303119999999999890e-01	-7.799240180494599120e-03
2.306249999999999967e-01	-7.894850352670229957e-03
2.309370000000000034e-01	-7.990672162598518730e-03
2.312500000000000111e-01	-8.086043518831385196e-03
2.315619999999999901e-01	-8.181523781297429104e-03
2.318749999999999978e-01	-8.276447299446574452e-03
2.321870000000000045e-01	-8.371363712820434344e-03
2.325000000000000122e-01	-8.465603680464131586e-03
2.328119999999999912e-01	-8.559700161985832681e-03
2.331249999999999989e-01	-8.652969813781474437e-03
2.334370000000000056e-01	-8.745918982269111630e-03
2.337500000000000133e-01	-8.837852413088027534e-03
2.340619999999999923e-01	-8.929242512371298596e-03
2.343750000000000000e-01	-9.019369538778390996e-03
2.346870000000000067e-01	-9.108661004817126400e-03
2.349999999999999867e-01	-9.196382181726690461e-03
2.353119999999999934e-01	-9.282908420977883934e-03
2.356250000000000011e-01	-9.367473472182448815e-03
2.359370000000000078e-01	-9.450388243987613637e-03
2.362499999999999878e-01	-9.530875734095252752e-03
2.365619999999999945e-01	-9.609174944957804554e-03
2.368750000000000022e-01	-9.684474123794153955e-03
2.371870000000000089e-01	-9.756925307324592483e-03
2.374999999999999889e-01	-9.825719350919318029e-03
2.378119999999999956e-01	-9.890913974101047529e-03
2.381250000000000033e-01	-9.951666329195335559e-03
2.384370000000000100e-01	-1.000792140678939159e-02
2.387499999999999900e-01	-1.005886244569555686e-02
2.390619999999999967e-01	-1.010431378861333107e-02
2.393750000000000044e-01	-1.014343072277148691e-02
2.396870000000000112e-01	-1.017589519824133037e-02
2.399999999999999911e-01	-1.020092309352601916e-02
2.403119999999999978e-01	-1.021804478685815060e-02
2.406250000000000056e-01	-1.022645931685675982e-02
2.409370000000000123e-01	-1.022552024814368105e-02
2.412499999999999922e-01	-1.021453296128688355e-02
2.415619999999999989e-01	-1.019266405400903915e-02
2.418750000000000067e-01	-1.015921829244063879e-02
2.421870000000000134e-01	-1.011314627963591159e-02
2.424999999999999933e-01	-1.005392209829366820e-02
2.428120000000000001e-01	-9.980291377333231143e-03
2.431250000000000078e-01	-9.891804561787129538e-03
2.434369999999999867e-01	-9.787042583577517177e-03
2.437499999999999944e-01	-9.665921158235370181e-03
2.440620000000000012e-01	-9.526922705260915808e-03
2.443750000000000089e-01	-9.370215687157363443e-03
2.446869999999999878e-01	-9.194229231890638579e-03
2.449999999999999956e-01	-8.999698672015554735e-03
2.453120000000000023e-01	-8.785059598680004453e-03
2.456250000000000100e-01	-8.551449657251131153e-03
2.459369999999999890e-01	-8.297361852026367487e-03
2.462499999999999967e-01	-8.024648787107919318e-03
2.465620000000000034e-01	-7.731917392872122465e-03
2.468750000000000111e-01	-7.421532548360158278e-03
2.471869999999999901e-01	-7.092258377785613278e-03
2.474999999999999978e-01	-6.747182530447350113e-03
2.478120000000000045e-01	-6.385176468618716100e-03
2.481250000000000122e-01	-6.009731116303478927e-03
2.484369999999999912e-01	-5.619786347524535070e-03
2.487499999999999989e-01	-5.219318856956142900e-03
2.490620000000000056e-01	-4.807280917784445377e-03
2.493750000000000133e-01	-4.387860224324575779e-03
2.496869999999999923e-01	-3.960002753196058267e-03
2.500000000000000000e-01	-3.528116767544731310e-03
2.503119999999999790e-01	-3.091090132548308164e-03
2.506249999999999867e-01	-2.653358665048934518e-03
2.509370000000000211e-01	-2.213749408175285770e-03
2.512499999999999734e-01	-1.776651058964658211e-03
2.515620000000000078e-01	-1.340779520672894399e-03
2.518750000000000155e-01	-9.103816733523307451e-04
2.521869999999999945e-01	-4.840591420495784884e-04
2.525000000000000022e-01	-6.576813024235682781e-05
2.528119999999999812e-01	3.460331853456540658e-04
2.531249999999999889e-01	7.476582892558685011e-04
2.534370000000000234e-01	1.140761671530224125e-03
2.537499999999999756e-01	1.522057160975077940e-03
2.540620000000000100e-01	1.893294656035682819e-03
2.543750000000000178e-01	2.251473569135865969e-03
2.546869999999999967e-01	2.598399547706707179e-03
2.550000000000000044e-01	2.931506666217258833e-03
2.553119999999999834e-01	3.252636003963809037e-03
2.556249999999999911e-01	3.559488265670576225e-03
2.559370000000000256e-01	3.853909027755174441e-03
2.562499999999999778e-01	4.134016541864624257e-03
2.565620000000000123e-01	4.401634701547390248e-03
2.568750000000000200e-01	4.655103298126374994e-03
2.571869999999999989e-01	4.896197043791647094e-03
2.575000000000000067e-01	5.123616081482518757e-03
2.578119999999999856e-01	5.339058585288739174e-03
2.581249999999999933e-01	5.541384569271026912e-03
2.584369999999999723e-01	5.732198605524002448e-03
2.587499999999999800e-01	5.910650598855804287e-03
2.590620000000000145e-01	6.078232713719529043e-03
2.593750000000000222e-01	6.234201093819464329e-03
2.596870000000000012e-01	6.379929463995505541e-03
2.600000000000000089e-01	6.514898489793081830e-03
2.603119999999999878e-01	6.640352266355739087e-03
2.606249999999999956e-01	6.755836766462628915e-03
2.609369999999999745e-01	6.862468226656785394e-03
2.612499999999999822e-01	6.959963011974024637e-03
2.615620000000000167e-01	7.049306005911574156e-03
2.618750000000000244e-01	7.130251420546259052e-03
2.621870000000000034e-01	7.203660462570404474e-03
2.625000000000000111e-01	7.269419107427939862e-03
2.628119999999999901e-01	7.328267859711352743e-03
2.631249999999999978e-01	7.380117454397191155e-03
2.634369999999999767e-01	7.425599309303392535e-03
2.637499999999999845e-01	7.464730985186407430e-03
2.640620000000000189e-01	7.498040393658107067e-03
2.643750000000000266e-01	7.525564109514811494e-03
2.646870000000000056e-01	7.547737965436135225e-03
2.650000000000000133e-01	7.564686774792055320e-03
2.653119999999999923e-01	7.576759216627765824e-03
2.656250000000000000e-01	7.584095071341791748e-03
2.659369999999999790e-01	7.586966151378139733e-03
2.662499999999999867e-01	7.585584257434262526e-03
2.665620000000000211e-01	7.580148406590650131e-03
2.668749999999999734e-01	7.570881820412598759e-03
2.671870000000000078e-01	7.557919658334883752e-03
2.675000000000000155e-01	7.541543122738117791e-03
2.678119999999999945e-01	7.521826960782235574e-03
2.681250000000000022e-01	7.499060694373114663e-03
2.684369999999999812e-01	7.473266326380613618e-03
2.687499999999999889e-01	7.444779106904518551e-03
2.690620000000000234e-01	7.413571336174171710e-03
2.693749999999999756e-01	7.379983635071748344e-03
2.696870000000000100e-01	7.343944929235629235e-03
2.700000000000000178e-01	7.305831208248362608e-03
2.703119999999999967e-01	7.265530475784465723e-03
2.706250000000000044e-01	7.223421281831357565e-03
2.709369999999999834e-01	7.179356521979307452e-03
2.712499999999999911e-01	7.133740659621576503e-03
2.715620000000000256e-01	7.086393058892679654e-03
2.718749999999999778e-01	7.037718521390080514e-03
2.721870000000000123e-01	6.987507619625156312e-03
2.725000000000000200e-01	6.936182830344412090e-03
2.728119999999999989e-01	6.883507151473866950e-03
2.731250000000000067e-01	6.829901119064698406e-03
2.734369999999999856e-01	6.775104234305120120e-03
2.737499999999999933e-01	6.719547483756530687e-03
2.740619999999999723e-01	6.662947433885204468e-03
2.743749999999999800e-01	6.605731230645272949e-03
2.746870000000000145e-01	6.547595618254539382e-03
2.750000000000000222e-01	6.488972744110621180e-03
2.753120000000000012e-01	6.429540216538505090e-03
2.756250000000000089e-01	6.369724504089157788e-03
2.759369999999999878e-01	6.309186072610120655e-03
2.762499999999999956e-01	6.248352405265016410e-03
2.765619999999999745e-01	6.186867479451229127e-03
2.768749999999999822e-01	6.125152101783307504e-03
2.771870000000000167e-01	6.062835568611584826e-03
2.775000000000000244e-01	6.000337793293587622e-03
2.778120000000000034e-01	5.937274650445963781e-03
2.781250000000000111e-01	5.874060892827826820e-03
2.784369999999999901e-01	5.810301267142428325e-03
2.787499999999999978e-01	5.746411097117183966e-03
2.790619999999999767e-01	5.681985033562201269e-03
2.793749999999999845e-01	5.617435520495481401e-03
2.796870000000000189e-01	5.552348311966865020e-03
2.800000000000000266e-01	5.487138369626299098e-03
2.803120000000000056e-01	5.421383944861046279e-03
2.806250000000000133e-01	5.355498986697851231e-03
2.809369999999999923e-01	5.289054928724877883e-03
2.812500000000000000e-01	5.222470126570847443e-03
2.815619999999999790e-01	5.155309815236987572e-03
2.818749999999999867e-01	5.087993513177681629e-03
2.821870000000000211e-01	5.020080676578330368e-03
2.824999999999999734e-01	4.951997494474067243e-03
2.828120000000000078e-01	4.883298662826015754e-03
2.831250000000000155e-01	4.814412755008985571e-03
2.834369999999999945e-01	4.744889321306453196e-03
2.837500000000000022e-01	4.675165462813050260e-03
2.840619999999999812e-01	4.604786292373983132e-03
2.843749999999999889e-01	4.534192827289753452e-03
2.846870000000000234e-01	4.462925851391625134e-03
2.849999999999999756e-01	4.391436089435752504e-03
2.853120000000000100e-01	4.319259980821361401e-03
2.856250000000000178e-01	4.246852818050891529e-03
2.859369999999999967e-01	4.173747027830051852e-03
2.862500000000000044e-01	4.100408653576453205e-03
2.865619999999999834e-01	4.026365865098892327e-03
2.868749999999999911e-01	3.952089606791946326e-03
2.871870000000000256e-01	3.877103904468069250e-03
2.874999999999999778e-01	3.801890537988017894e-03
2.878120000000000123e-01	3.725969549814945724e-03
2.881250000000000200e-01	3.649827609844619267e-03
2.884369999999999989e-01	3.572980520553533778e-03
2.887500000000000067e-01	3.495925835050163986e-03
2.890619999999999856e-01	3.418175528632398999e-03
2.893749999999999933e-01	3.340231684355750817e-03
2.896869999999999723e-01	3.261602445863312147e-03
2.899999999999999800e-01	3.182800478023624976e-03
2.903120000000000145e-01	3.103330291768631888e-03
2.906250000000000222e-01	3.023708839202638755e-03
2.909370000000000012e-01	2.943437090557903760e-03
2.912500000000000089e-01	2.863041309496521056e-03
2.915619999999999878e-01	2.782019059340628490e-03
2.918749999999999956e-01	2.700900313056787527e-03
2.921869999999999745e-01	2.619178933615142011e-03
2.924999999999999822e-01	2.537392619959112118e-03
2.928120000000000167e-01	2.455031889821279907e-03
2.931250000000000244e-01	2.372637130868548560e-03
2.934370000000000034e-01	2.289695583236807386e-03
2.937500000000000111e-01	2.206753673527621362e-03
2.940619999999999901e-01	2.123295290173615908e-03
2.943749999999999978e-01	2.039868455304483588e-03
2.946869999999999767e-01	1.955954104531646993e-03
2.949999999999999845e-01	1.872105035627248540e-03
2.953120000000000189e-01	1.787799321900864977e-03
2.956250000000000266e-01	1.703590399733758299e-03
2.959370000000000056e-01	1.618953724337033077e-03
2.962500000000000133e-01	1.534445622743261855e-03
2.965619999999999923e-01	1.449539165326449051e-03
2.968750000000000000e-01	1.364791161557549421e-03
2.971869999999999790e-01	1.279672521282470025e-03
2.974999999999999867e-01	1.194741254597123147e-03
2.978120000000000211e-01	1.109466473891490643e-03
2.981249999999999734e-01	1.024405790379441950e-03
2.984370000000000078e-01	9.390267084889092819e-04
2.987500000000000155e-01	8.538871955428615308e-04
2.990619999999999945e-01	7.684531609384722892e-04
2.993750000000000022e-01	6.832816817258944783e-04
2.996869999999999812e-01	5.978376840232442306e-04
2.999999999999999889e-01	5.126776878384547162e-04
3.003120000000000234e-01	4.272656031849206000e-04
3.006249999999999756e-01	3.421605393222334015e-04
3.009370000000000100e-01	2.568255130068226996e-04
3.012500000000000178e-01	1.718098305496173974e-04
3.015619999999999967e-01	8.657677031795152193e-05
3.018750000000000044e-01	1.679176835712088197e-06
3.021869999999999834e-01	-8.342078263012895484e-05
3.024999999999999911e-01	-1.681735968566158658e-04
3.028120000000000256e-01	-2.531160148312123831e-04
3.031249999999999778e-01	-3.376990664577187839e-04
3.034370000000000123e-01	-4.224604362560976977e-04
3.037500000000000200e-01	-5.068546386283152112e-04
3.040619999999999989e-01	-5.914179918487800884e-04
3.043750000000000067e-01	-6.756058100729107896e-04
3.046869999999999856e-01	-7.599552680275953277e-04
3.049999999999999933e-01	-8.439253742519168188e-04
3.053119999999999723e-01	-9.280517522096097538e-04
3.056249999999999800e-01	-1.011794680695000254e-03
3.059370000000000145e-01	-1.095690039311777650e-03
3.062500000000000222e-01	-1.179201600304868045e-03
3.065620000000000012e-01	-1.262864227173216480e-03
3.068750000000000089e-01	-1.346143024089519391e-03
3.071869999999999878e-01	-1.429572607862615325e-03
3.074999999999999956e-01	-1.512621744223168569e-03
3.078119999999999745e-01	-1.595824356164018227e-03
3.081249999999999822e-01	-1.678650349362970692e-03
3.084370000000000167e-01	-1.761633306121855808e-03
3.087500000000000244e-01	-1.844246708130701986e-03
3.090620000000000034e-01	-1.927023553294322832e-03
3.093750000000000111e-01	-2.009438485133692442e-03
3.096869999999999901e-01	-2.092024474696261085e-03
3.099999999999999978e-01	-2.174259247140208039e-03
3.103119999999999767e-01	-2.256675397012114677e-03
3.106249999999999845e-01	-2.338751889883854129e-03
3.109370000000000189e-01	-2.421021239729828200e-03
3.112500000000000266e-01	-2.502964746725720637e-03
3.115620000000000056e-01	-2.585115006412798486e-03
3.118750000000000133e-01	-2.666954855806486901e-03
3.121869999999999923e-01	-2.749017315690145333e-03
3.125000000000000000e-01	-2.830787025508697558e-03
3.128119999999999790e-01	-2.912797334799897397e-03
3.131249999999999867e-01	-2.994533992119548151e-03
3.134370000000000211e-01	-3.076531224844282052e-03
3.137499999999999734e-01	-3.158275796142556713e-03
3.140620000000000078e-01	-3.240302918162057261e-03
3.143750000000000155e-01	-3.322100094141684171e-03
3.146869999999999945e-01	-3.404203963152488497e-03
3.150000000000000022e-01	-3.486102469093522744e-03
3.153119999999999812e-01	-3.568333523280557695e-03
3.156249999999999889e-01	-3.650385498336212054e-03
3.159370000000000234e-01	-3.732798534739913653e-03
3.162499999999999756e-01	-3.815060152640730243e-03
3.165620000000000100e-01	-3.897712614749490254e-03
3.168750000000000178e-01	-3.980243773451208958e-03
3.171869999999999967e-01	-4.063198708996238091e-03
3.175000000000000044e-01	-4.146063341031935509e-03
3.178119999999999834e-01	-4.229385665825319794e-03
3.181249999999999911e-01	-4.312651117601221107e-03
3.184370000000000256e-01	-4.396411040351017908e-03
3.187499999999999778e-01	-4.480147296266221921e-03
3.190620000000000123e-01	-4.564414402986830682e-03
3.193750000000000200e-01	-4.648692378496713414e-03
3.196869999999999989e-01	-4.733538901650551772e-03
3.200000000000000067e-01	-4.818427650097874097e-03
3.203119999999999856e-01	-4.903918816843852273e-03
3.206249999999999933e-01	-4.989482736289872766e-03
3.209369999999999723e-01	-5.075682684073041899e-03
3.212499999999999800e-01	-5.161980431065101189e-03
3.215620000000000145e-01	-5.248941777498151821e-03
3.218750000000000222e-01	-5.336023629076851876e-03
3.221870000000000012e-01	-5.423794321570160268e-03
3.225000000000000089e-01	-5.511700313156676391e-03
3.228119999999999878e-01	-5.600312264759360788e-03
3.231249999999999956e-01	-5.689071103923174291e-03
3.234369999999999745e-01	-5.778549689401113465e-03
3.237499999999999822e-01	-5.868177048923397914e-03
3.240620000000000167e-01	-5.958528183866186427e-03
3.243750000000000244e-01	-6.049025770683519147e-03
3.246870000000000034e-01	-6.140246497296362321e-03
3.250000000000000111e-01	-6.231600500740153668e-03
3.253119999999999901e-01	-6.323665911277396440e-03
3.256249999999999978e-01	-6.415846227193732799e-03
3.259369999999999767e-01	-6.508720672444416946e-03
3.262499999999999845e-01	-6.601680592841897496e-03
3.265620000000000189e-01	-6.695305850950556900e-03
3.268750000000000266e-01	-6.788980977767956025e-03
3.271870000000000056e-01	-6.883285750312666436e-03
3.275000000000000133e-01	-6.977593995418872146e-03
3.278119999999999923e-01	-7.072485189700260591e-03
3.281250000000000000e-01	-7.167326464542279549e-03
3.284369999999999790e-01	-7.262696043213588866e-03
3.287499999999999867e-01	-7.357951948464365802e-03
3.290620000000000211e-01	-7.453670858268433667e-03
3.293749999999999734e-01	-7.549205304531101529e-03
3.296870000000000078e-01	-7.645128924869722641e-03
3.300000000000000155e-01	-7.740787511973338565e-03
3.303119999999999945e-01	-7.836751140378430541e-03
3.306250000000000022e-01	-7.932361312554064847e-03
3.309369999999999812e-01	-8.028183122482350151e-03
3.312499999999999889e-01	-8.123554478715211413e-03
3.315620000000000234e-01	-8.219034741181253587e-03
3.318749999999999756e-01	-8.313958259330418016e-03
3.321870000000000100e-01	-8.408874672704264031e-03
3.325000000000000178e-01	-8.503114640347968212e-03
3.328119999999999967e-01	-8.597211121869667572e-03
3.331250000000000044e-01	-8.690480773665309328e-03
3.334369999999999834e-01	-8.783429942152948255e-03
3.337499999999999911e-01	-8.875363372971853751e-03
3.340620000000000256e-01	-8.966753472255124813e-03
3.343749999999999778e-01	-9.056880498662232826e-03
3.346870000000000123e-01	-9.146171964700949147e-03
3.350000000000000200e-01	-9.233893141610525351e-03
3.353119999999999989e-01	-9.320419380861727499e-03
3.356250000000000067e-01	-9.404984432066276767e-03
3.359369999999999856e-01	-9.487899203871443324e-03
3.362499999999999933e-01	-9.568386693979072030e-03
3.365619999999999723e-01	-9.646685904841632506e-03
3.368749999999999800e-01	-9.721985083677973233e-03
3.371870000000000145e-01	-9.794436267208413496e-03
3.375000000000000222e-01	-9.863230310803142512e-03
3.378120000000000012e-01	-9.928424933984880685e-03
3.381250000000000089e-01	-9.989177289079163510e-03
3.384369999999999878e-01	-1.004543236667321780e-02
3.387499999999999956e-01	-1.009637340557937961e-02
3.390619999999999745e-01	-1.014182474849715902e-02
3.393749999999999822e-01	-1.018094168265530966e-02
3.396870000000000167e-01	-1.021340615812515139e-02
3.400000000000000244e-01	-1.023843405340984537e-02
3.403120000000000034e-01	-1.025555574674197508e-02
3.406250000000000111e-01	-1.026397027674059298e-02
3.409369999999999901e-01	-1.026303120802751247e-02
3.412499999999999978e-01	-1.025204392117071497e-02
3.415619999999999767e-01	-1.023017501389287057e-02
3.418749999999999845e-01	-1.019672925232447194e-02
3.421870000000000189e-01	-1.015065723951973954e-02
3.425000000000000266e-01	-1.009143305817749095e-02
3.428120000000000056e-01	-1.001780233721705389e-02
3.431250000000000133e-01	-9.929315521670960959e-03
3.434369999999999923e-01	-9.824553543461346863e-03
3.437500000000000000e-01	-9.703432118119203337e-03
3.440619999999999790e-01	-9.564433665144743760e-03
3.443749999999999867e-01	-9.407726647041210477e-03
3.446870000000000211e-01	-9.231740191774487347e-03
3.449999999999999734e-01	-9.037209631899367074e-03
3.453120000000000078e-01	-8.822570558563854956e-03
3.456250000000000155e-01	-8.588960617134957370e-03
3.459369999999999945e-01	-8.334872811910193705e-03
3.462500000000000022e-01	-8.062159746991745535e-03
3.465619999999999812e-01	-7.769428352755952151e-03
3.468749999999999889e-01	-7.459043508244008781e-03
3.471870000000000234e-01	-7.129769337669467251e-03
3.474999999999999756e-01	-6.784693490331144237e-03
3.478120000000000100e-01	-6.422687428502571808e-03
3.481250000000000178e-01	-6.047242076187304277e-03
3.484369999999999967e-01	-5.657297307408360419e-03
3.487500000000000044e-01	-5.256829816839968250e-03
3.490619999999999834e-01	-4.844791877668269860e-03
3.493749999999999911e-01	-4.425371184208437558e-03
3.496870000000000256e-01	-3.997513713079920046e-03
3.499999999999999778e-01	-3.565627727428516327e-03
3.503120000000000123e-01	-3.128601092432170376e-03
3.506250000000000200e-01	-2.690869624932716933e-03
3.509369999999999989e-01	-2.251260368059068186e-03
3.512500000000000067e-01	-1.814162018848518689e-03
3.515619999999999856e-01	-1.378290480556676814e-03
3.518749999999999933e-01	-9.478926332361893798e-04
3.521869999999999723e-01	-5.215701019334377736e-04
3.524999999999999800e-01	-1.032790901262147171e-04
3.528120000000000145e-01	3.085222254617961900e-04
3.531250000000000222e-01	7.101473293720833753e-04
3.534370000000000012e-01	1.103250711646439107e-03
3.537500000000000089e-01	1.484546201091225485e-03
3.540619999999999878e-01	1.855783696151895200e-03
3.543749999999999956e-01	2.213962609252013297e-03
3.546869999999999745e-01	2.560888587822854941e-03
3.549999999999999822e-01	2.893995706333406161e-03
3.553120000000000167e-01	3.215125044079956366e-03
3.556250000000000244e-01	3.521977305786780366e-03
3.559370000000000034e-01	3.816398067871379883e-03
3.562500000000000111e-01	4.096505581980779825e-03
3.565619999999999901e-01	4.364123741663594389e-03
3.568749999999999978e-01	4.617592338242534032e-03
3.571869999999999767e-01	4.858686083907803530e-03
3.574999999999999845e-01	5.086105121598674325e-03
3.578120000000000189e-01	5.301547625404894742e-03
3.581250000000000266e-01	5.503873609387217175e-03
3.584370000000000056e-01	5.694687645640193578e-03
3.587500000000000133e-01	5.873139638971995417e-03
3.590619999999999923e-01	6.040721753835720173e-03
3.593750000000000000e-01	6.196690133935628571e-03
3.596869999999999790e-01	6.342418504111671518e-03
3.599999999999999867e-01	6.477387529909247807e-03
3.603120000000000211e-01	6.602841306471905931e-03
3.606249999999999734e-01	6.718325806578816575e-03
3.609370000000000078e-01	6.824957266772953973e-03
3.612500000000000155e-01	6.922452052090212297e-03
3.615619999999999945e-01	7.011795046027761817e-03
3.618750000000000022e-01	7.092740460662433702e-03
3.621869999999999812e-01	7.166149502686579124e-03
3.624999999999999889e-01	7.231908147544114512e-03
3.628120000000000234e-01	7.290756899827527393e-03
3.631249999999999756e-01	7.342606494513373612e-03
3.634370000000000100e-01	7.388088349419567186e-03
3.637500000000000178e-01	7.427220025302589887e-03
3.640619999999999967e-01	7.460529433774289523e-03
3.643750000000000044e-01	7.488053149630988746e-03
3.646869999999999834e-01	7.510227005552312478e-03
3.649999999999999911e-01	7.527175814908232572e-03
3.653120000000000256e-01	7.539248256743943076e-03
3.656249999999999778e-01	7.546584111457964664e-03
3.659370000000000123e-01	7.549455191494313516e-03
3.662500000000000200e-01	7.548073297550435441e-03
3.665619999999999989e-01	7.542637446706823047e-03
3.668750000000000067e-01	7.533370860528775144e-03
3.671869999999999856e-01	7.520408698451056667e-03
3.674999999999999933e-01	7.504032162854293309e-03
3.678119999999999723e-01	7.484316000898411959e-03
3.681249999999999800e-01	7.461549734489282375e-03
3.684370000000000145e-01	7.435755366496781329e-03
3.687500000000000222e-01	7.407268147020680191e-03
3.690620000000000012e-01	7.376060376290336819e-03
3.693750000000000089e-01	7.342472675187922126e-03
3.696869999999999878e-01	7.306433969351791742e-03
3.699999999999999956e-01	7.268320248364532922e-03
3.703119999999999745e-01	7.228019515900636037e-03
3.706249999999999822e-01	7.185910321947541757e-03
3.709370000000000167e-01	7.141845562095491644e-03
3.712500000000000244e-01	7.096229699737752888e-03
3.715620000000000034e-01	7.048882099008855172e-03
3.718750000000000111e-01	7.000207561506264706e-03
3.721869999999999901e-01	6.949996659741331829e-03
3.724999999999999978e-01	6.898671870460593679e-03
3.728119999999999767e-01	6.845996191590050274e-03
3.731249999999999845e-01	6.792390159180877393e-03
3.734370000000000189e-01	6.737593274421299107e-03
3.737500000000000266e-01	6.682036523872701000e-03
3.740620000000000056e-01	6.625436474001374781e-03
3.743750000000000133e-01	6.568220270761440660e-03
3.746869999999999923e-01	6.510084658370707093e-03
3.750000000000000000e-01	6.451461784226802769e-03
3.753119999999999790e-01	6.392029256654686679e-03
3.756249999999999867e-01	6.332213544205335908e-03
3.759370000000000211e-01	6.271675112726299642e-03
3.762499999999999734e-01	6.210841445381187591e-03
3.765620000000000078e-01	6.149356519567410716e-03
3.768750000000000155e-01	6.087641141899477817e-03
3.771869999999999945e-01	6.025324608727755139e-03
3.775000000000000022e-01	5.962826833409768344e-03
3.778119999999999812e-01	5.899763690562147972e-03
3.781249999999999889e-01	5.836549932944004940e-03
3.784370000000000234e-01	5.772790307258607312e-03
3.787499999999999756e-01	5.708900137233349076e-03
3.790620000000000100e-01	5.644474073678376787e-03
3.793750000000000178e-01	5.579924560611646510e-03
3.796869999999999967e-01	5.514837352083030129e-03
3.800000000000000044e-01	5.449627409742478085e-03
3.803119999999999834e-01	5.383872984977225266e-03
3.806249999999999911e-01	5.317988026814026749e-03
3.809370000000000256e-01	5.251543968841053400e-03
3.812499999999999778e-01	5.184959166687011685e-03
3.815620000000000123e-01	5.117798855353163090e-03
3.818750000000000200e-01	5.050482553293843269e-03
3.821869999999999989e-01	4.982569716694492008e-03
3.825000000000000067e-01	4.914486534590242761e-03
3.828119999999999856e-01	4.845787702942179996e-03
3.831249999999999933e-01	4.776901795125161089e-03
3.834369999999999723e-01	4.707378361422628714e-03
3.837499999999999800e-01	4.637654502929225778e-03
3.840620000000000145e-01	4.567275332490156048e-03
3.843750000000000222e-01	4.496681867405912490e-03
3.846870000000000012e-01	4.425414891507784172e-03
3.850000000000000089e-01	4.353925129551925420e-03
3.853119999999999878e-01	4.281749020937520439e-03
3.856249999999999956e-01	4.209341858167069648e-03
3.859369999999999745e-01	4.136236067946229972e-03
3.862499999999999822e-01	4.062897693692633060e-03
3.865620000000000167e-01	3.988854905215069580e-03
3.868750000000000244e-01	3.914578646908110568e-03
3.871870000000000034e-01	3.839592944584233926e-03
3.875000000000000111e-01	3.764379578104195580e-03
3.878119999999999901e-01	3.688458589931113002e-03
3.881249999999999978e-01	3.612316649960802591e-03
3.884369999999999767e-01	3.535469560669717102e-03
3.887499999999999845e-01	3.458414875166347310e-03
3.890620000000000189e-01	3.380664568748579287e-03
3.893750000000000266e-01	3.302720724471920263e-03
3.896870000000000056e-01	3.224091485979479425e-03
3.900000000000000133e-01	3.145289518139794422e-03
3.903119999999999923e-01	3.065819331884801768e-03
3.906250000000000000e-01	2.986197879318820778e-03
3.909369999999999790e-01	2.905926130674083181e-03
3.912499999999999867e-01	2.825530349612701778e-03
3.915620000000000211e-01	2.744508099456810079e-03
3.918749999999999734e-01	2.663389353172953070e-03
3.921870000000000078e-01	2.581667973731322299e-03
3.925000000000000155e-01	2.499881660075280263e-03
3.928119999999999945e-01	2.417520929937446751e-03
3.931250000000000022e-01	2.335126170984724945e-03
3.934369999999999812e-01	2.252184623352984204e-03
3.937499999999999889e-01	2.169242713643796880e-03
3.940620000000000234e-01	2.085784330289789691e-03
3.943749999999999756e-01	2.002357495420643927e-03
3.946870000000000100e-01	1.918443144647823378e-03
3.950000000000000178e-01	1.834594075743408879e-03
3.953119999999999967e-01	1.750288362017025316e-03
3.956250000000000044e-01	1.666079439849941623e-03
3.959369999999999834e-01	1.581442764453216184e-03
3.962499999999999911e-01	1.496934662859444962e-03
3.965620000000000256e-01	1.412028205442632375e-03
3.968749999999999778e-01	1.327280201673717783e-03
3.971870000000000123e-01	1.242161561398653349e-03
3.975000000000000200e-01	1.157230294713292810e-03
3.978119999999999989e-01	1.071955514007660306e-03
3.981250000000000067e-01	9.868948304956293941e-04
3.984369999999999856e-01	9.015157486050830648e-04
3.987499999999999933e-01	8.163762356590487579e-04
3.990619999999999723e-01	7.309422010546595162e-04
3.993749999999999800e-01	6.457707218420818138e-04
3.996870000000000145e-01	5.603267241394315661e-04
4.000000000000000222e-01	4.751667279546271981e-04
4.003120000000000012e-01	3.897546433010930277e-04
4.006250000000000089e-01	3.046495794384166712e-04
4.009369999999999878e-01	2.193145531229911157e-04
4.012499999999999956e-01	1.342988706658019681e-04
4.015619999999999745e-01	4.906581043413610625e-05
4.018749999999999822e-01	-3.583178304810333129e-05
4.021870000000000167e-01	-1.209317425139443705e-04
4.025000000000000244e-01	-2.056845567404461215e-04
4.028120000000000034e-01	-2.906269747150426659e-04
4.031250000000000111e-01	-3.752100263415369236e-04
4.034369999999999901e-01	-4.599713961399292815e-04
4.037499999999999978e-01	-5.443655985121319957e-04
4.040619999999999767e-01	-6.289289517325968729e-04
4.043749999999999845e-01	-7.131167699567275741e-04
4.046870000000000189e-01	-7.974662279114108111e-04
4.050000000000000266e-01	-8.814363341357470474e-04
4.053120000000000056e-01	-9.655627120934412834e-04
4.056250000000000133e-01	-1.049305640578830374e-03
4.059369999999999923e-01	-1.133200999195607987e-03
4.062500000000000000e-01	-1.216712560188684721e-03
4.065619999999999790e-01	-1.300375187057031855e-03
4.068749999999999867e-01	-1.383653983973334766e-03
4.071870000000000211e-01	-1.467083567746432001e-03
4.074999999999999734e-01	-1.550132704107000207e-03
4.078120000000000078e-01	-1.633335316047835120e-03
4.081250000000000155e-01	-1.716161309246800161e-03
4.084369999999999945e-01	-1.799144266005686795e-03
4.087500000000000022e-01	-1.881757668014519529e-03
4.090619999999999812e-01	-1.964534513178140158e-03
4.093749999999999889e-01	-2.046949445017509986e-03
4.096870000000000234e-01	-2.129535434580077328e-03
4.099999999999999756e-01	-2.211770207024039026e-03
4.103120000000000100e-01	-2.294186356895932220e-03
4.106250000000000178e-01	-2.376262849767685117e-03
4.109369999999999967e-01	-2.458532199613659187e-03
4.112500000000000044e-01	-2.540475706609536879e-03
4.115619999999999834e-01	-2.622625966296616030e-03
4.118749999999999911e-01	-2.704465815690302710e-03
4.121870000000000256e-01	-2.786528275573960274e-03
4.124999999999999778e-01	-2.868297985392527245e-03
4.128120000000000123e-01	-2.950308294683713639e-03
4.131250000000000200e-01	-3.032044952003380440e-03
4.134369999999999989e-01	-3.114042184728114341e-03
4.137500000000000067e-01	-3.195786756026375557e-03
4.140619999999999856e-01	-3.277813878045890850e-03
4.143749999999999933e-01	-3.359611054025503016e-03
4.146869999999999723e-01	-3.441714923036306040e-03
4.149999999999999800e-01	-3.523613428977340287e-03
4.153120000000000145e-01	-3.605844483164376540e-03
4.156250000000000222e-01	-3.687896458220044343e-03
4.159370000000000012e-01	-3.770309494623744206e-03
4.162500000000000089e-01	-3.852571112524545184e-03
4.165619999999999878e-01	-3.935223574633319940e-03
4.168749999999999956e-01	-4.017754733335025634e-03
4.171869999999999745e-01	-4.100709668880053033e-03
4.174999999999999822e-01	-4.183574300915749583e-03
4.178120000000000167e-01	-4.266896625709136470e-03
4.181250000000000244e-01	-4.350162077485056865e-03
4.184370000000000034e-01	-4.433922000234855401e-03
4.187500000000000111e-01	-4.517658256150044668e-03
4.190619999999999901e-01	-4.601925362870668175e-03
4.193749999999999978e-01	-4.686203338380536161e-03
4.196869999999999767e-01	-4.771049861534375387e-03
4.199999999999999845e-01	-4.855938609981697712e-03
4.203120000000000189e-01	-4.941429776727674153e-03
4.206250000000000266e-01	-5.026993696173701585e-03
4.209370000000000056e-01	-5.113193643956869851e-03
4.212500000000000133e-01	-5.199491390948930876e-03
4.215619999999999923e-01	-5.286452737381977171e-03
4.218750000000000000e-01	-5.373534588960664216e-03
4.221869999999999790e-01	-5.461305281453972607e-03
4.224999999999999867e-01	-5.549211273040488730e-03
4.228120000000000211e-01	-5.637823224643169658e-03
4.231249999999999734e-01	-5.726582063806999641e-03
4.234370000000000078e-01	-5.816060649284924937e-03
4.237500000000000155e-01	-5.905688008807225865e-03
4.240619999999999945e-01	-5.996039143750014379e-03
4.243750000000000022e-01	-6.086536730567331487e-03
4.246869999999999812e-01	-6.177757457180173793e-03
4.249999999999999889e-01	-6.269111460623966008e-03
4.253120000000000234e-01	-6.361176871161208779e-03
4.256249999999999756e-01	-6.453357187077572027e-03
4.259370000000000100e-01	-6.546231632328237092e-03
4.262500000000000178e-01	-6.639191552725734122e-03
4.265619999999999967e-01	-6.732816810834396128e-03
4.268750000000000044e-01	-6.826491937651776171e-03
4.271869999999999834e-01	-6.920796710196486581e-03
4.274999999999999911e-01	-7.015104955302692291e-03
4.278120000000000256e-01	-7.109996149584080737e-03
4.281249999999999778e-01	-7.204837424426118776e-03
4.284370000000000123e-01	-7.300207003097406409e-03
4.287500000000000200e-01	-7.395462908348202427e-03
4.290619999999999989e-01	-7.491181818152270293e-03
4.293750000000000067e-01	-7.586716264414921675e-03
4.296869999999999856e-01	-7.682639884753561001e-03
4.299999999999999933e-01	-7.778298471857158711e-03
4.303119999999999723e-01	-7.874262100262248085e-03
4.306249999999999800e-01	-7.969872272437882391e-03
4.309370000000000145e-01	-8.065694082366171164e-03
4.312500000000000222e-01	-8.161065438599048039e-03
4.315620000000000012e-01	-8.256545701065090212e-03
4.318750000000000089e-01	-8.351469219214237294e-03
4.321869999999999878e-01	-8.446385632588100656e-03
4.324999999999999956e-01	-8.540625600231787490e-03
4.328119999999999745e-01	-8.634722081753488584e-03
4.331249999999999822e-01	-8.727991733549126871e-03
4.334370000000000167e-01	-8.820940902036764064e-03
4.337500000000000244e-01	-8.912874332855690376e-03
4.340620000000000034e-01	-9.004264432138961438e-03
4.343750000000000111e-01	-9.094391458546053839e-03
4.346869999999999901e-01	-9.183682924584785773e-03
4.349999999999999978e-01	-9.271404101494342895e-03
4.353119999999999767e-01	-9.357930340745545042e-03
4.356249999999999845e-01	-9.442495391950102984e-03
4.359370000000000189e-01	-9.525410163755267806e-03
4.362500000000000266e-01	-9.605897653862913860e-03
4.365620000000000056e-01	-9.684196864725472600e-03
4.368750000000000133e-01	-9.759496043561815062e-03
4.371869999999999923e-01	-9.831947227092253591e-03
4.375000000000000000e-01	-9.900741270686972198e-03
4.378119999999999790e-01	-9.965935893868710371e-03
4.381249999999999867e-01	-1.002668824896298626e-02
4.384370000000000211e-01	-1.008294332655704055e-02
4.387499999999999734e-01	-1.013388436546321276e-02
4.390620000000000078e-01	-1.017933570838098177e-02
4.393750000000000155e-01	-1.021845264253914282e-02
4.396869999999999945e-01	-1.025091711800898454e-02
4.400000000000000022e-01	-1.027594501329367332e-02
4.403119999999999812e-01	-1.029306670662580303e-02
4.406249999999999889e-01	-1.030148123662441399e-02
4.409370000000000234e-01	-1.030054216791133521e-02
4.412499999999999756e-01	-1.028955488105453599e-02
4.415620000000000100e-01	-1.026768597377669331e-02
4.418750000000000178e-01	-1.023424021220828602e-02
4.421869999999999967e-01	-1.018816819940355882e-02
4.425000000000000044e-01	-1.012894401806132237e-02
4.428119999999999834e-01	-1.005531329710088011e-02
4.431249999999999911e-01	-9.966826481554788911e-03
4.434370000000000256e-01	-9.862064503345176550e-03
4.437499999999999778e-01	-9.740943078003007002e-03
4.440620000000000123e-01	-9.601944625028576916e-03
4.443750000000000200e-01	-9.445237606925014143e-03
4.446869999999999989e-01	-9.269251151658291013e-03
4.450000000000000067e-01	-9.074720591783205434e-03
4.453119999999999856e-01	-8.860081518447653418e-03
4.456249999999999933e-01	-8.626471577018806139e-03
4.459369999999999723e-01	-8.372383771794042473e-03
4.462499999999999800e-01	-8.099670706875594303e-03
4.465620000000000145e-01	-7.806939312639799185e-03
4.468750000000000222e-01	-7.496554468127804641e-03
4.471870000000000012e-01	-7.167280297553261376e-03
4.475000000000000089e-01	-6.822204450214998210e-03
4.478119999999999878e-01	-6.460198388386362463e-03
4.481249999999999956e-01	-6.084753036071158250e-03
4.484369999999999745e-01	-5.694808267292214392e-03
4.487499999999999822e-01	-5.294340776723822223e-03
4.490620000000000167e-01	-4.882302837552123832e-03
4.493750000000000244e-01	-4.462882144092217805e-03
4.496870000000000034e-01	-4.035024672963699426e-03
4.500000000000000111e-01	-3.603138687312372902e-03
4.503119999999999901e-01	-3.166112052315948455e-03
4.506249999999999978e-01	-2.728380584816576110e-03
4.509369999999999767e-01	-2.288771327942928663e-03
4.512499999999999845e-01	-1.851672978732377866e-03
4.515620000000000189e-01	-1.415801440440535991e-03
4.518750000000000266e-01	-9.854035931199729877e-04
4.521870000000000056e-01	-5.590810618172200805e-04
4.525000000000000133e-01	-1.407900500099984605e-04
4.528119999999999923e-01	2.710112655780111185e-04
4.531250000000000000e-01	6.726363694882269090e-04
4.534369999999999790e-01	1.065739751762582533e-03
4.537499999999999867e-01	1.447035241207368910e-03
4.540620000000000211e-01	1.818272736268038625e-03
4.543749999999999734e-01	2.176451649368221775e-03
4.546870000000000078e-01	2.523377627939000969e-03
4.550000000000000155e-01	2.856484746449611603e-03
4.553119999999999945e-01	3.177614084196160506e-03
4.556250000000000022e-01	3.484466345902932031e-03
4.559369999999999812e-01	3.778887107987531548e-03
4.562499999999999889e-01	4.058994622096928455e-03
4.565620000000000234e-01	4.326612781779743018e-03
4.568749999999999756e-01	4.580081378358728632e-03
4.571870000000000100e-01	4.821175124023958231e-03
4.575000000000000178e-01	5.048594161714868057e-03
4.578119999999999967e-01	5.264036665521088475e-03
4.581250000000000044e-01	5.466362649503375346e-03
4.584369999999999834e-01	5.657176685756354351e-03
4.587499999999999911e-01	5.835628679088153588e-03
4.590620000000000256e-01	6.003210793951878343e-03
4.593749999999999778e-01	6.159179174051813629e-03
4.596870000000000123e-01	6.304907544227832290e-03
4.600000000000000200e-01	6.439876570025430264e-03
4.603119999999999989e-01	6.565330346588088388e-03
4.606250000000000067e-01	6.680814846694982552e-03
4.609369999999999856e-01	6.787446306889139899e-03
4.612499999999999933e-01	6.884941092206381744e-03
4.615619999999999723e-01	6.974284086143931263e-03
4.618749999999999800e-01	7.055229500778600546e-03
4.621870000000000145e-01	7.128638542802745101e-03
4.625000000000000222e-01	7.194397187660294367e-03
4.628120000000000012e-01	7.253245939943704645e-03
4.631250000000000089e-01	7.305095534629545660e-03
4.634369999999999878e-01	7.350577389535747040e-03
4.637499999999999956e-01	7.389709065418761935e-03
4.640619999999999745e-01	7.423018473890461572e-03
4.643749999999999822e-01	7.450542189747158192e-03
4.646870000000000167e-01	7.472716045668481924e-03
4.650000000000000244e-01	7.489664855024407222e-03
4.653120000000000034e-01	7.501737296860117726e-03
4.656250000000000111e-01	7.509073151574134977e-03
4.659369999999999901e-01	7.511944231610486432e-03
4.662499999999999978e-01	7.510562337666608357e-03
4.665619999999999767e-01	7.505126486822995963e-03
4.668749999999999845e-01	7.495859900644948060e-03
4.671870000000000189e-01	7.482897738567229583e-03
4.675000000000000266e-01	7.466521202970464489e-03
4.678120000000000056e-01	7.446805041014579671e-03
4.681250000000000133e-01	7.424038774605455290e-03
4.684369999999999923e-01	7.398244406612954245e-03
4.687500000000000000e-01	7.369757187136859178e-03
4.690619999999999790e-01	7.338549416406517541e-03
4.693749999999999867e-01	7.304961715304100246e-03
4.696870000000000211e-01	7.268923009467969862e-03
4.699999999999999734e-01	7.230809288480708440e-03
4.703120000000000078e-01	7.190508556016817626e-03
4.706250000000000155e-01	7.148399362063705131e-03
4.709369999999999945e-01	7.104334602211655018e-03
4.712500000000000022e-01	7.058718739853924069e-03
4.715619999999999812e-01	7.011371139125027220e-03
4.718749999999999889e-01	6.962696601622436754e-03
4.721870000000000234e-01	6.912485699857503878e-03
4.724999999999999756e-01	6.861160910576757054e-03
4.728120000000000100e-01	6.808485231706222322e-03
4.731250000000000178e-01	6.754879199297043370e-03
4.734369999999999967e-01	6.700082314537465084e-03
4.737500000000000044e-01	6.644525563988880855e-03
4.740619999999999834e-01	6.587925514117554636e-03
4.743749999999999911e-01	6.530709310877617045e-03
4.746870000000000256e-01	6.472573698486884346e-03
4.749999999999999778e-01	6.413950824342971348e-03
4.753120000000000123e-01	6.354518296770866534e-03
4.756250000000000200e-01	6.294702584321507956e-03
4.759369999999999989e-01	6.234164152842470823e-03
4.762500000000000067e-01	6.173330485497367445e-03
4.765619999999999856e-01	6.111845559683579295e-03
4.768749999999999933e-01	6.050130182015655070e-03
4.771869999999999723e-01	5.987813648843934994e-03
4.774999999999999800e-01	5.925315873525951668e-03
4.778120000000000145e-01	5.862252730678325224e-03
4.781250000000000222e-01	5.799038973060171784e-03
4.784370000000000012e-01	5.735279347374773289e-03
4.787500000000000089e-01	5.671389177349531532e-03
4.790619999999999878e-01	5.606963113794548835e-03
4.793749999999999956e-01	5.542413600727826364e-03
4.796869999999999745e-01	5.477326392199209984e-03
4.799999999999999822e-01	5.412116449858655337e-03
4.803120000000000167e-01	5.346362025093405121e-03
4.806250000000000244e-01	5.280477066930198797e-03
4.809370000000000034e-01	5.214033008957225448e-03
4.812500000000000111e-01	5.147448206803195009e-03
4.815619999999999901e-01	5.080287895469335138e-03
4.818749999999999978e-01	5.012971593410029195e-03
4.821869999999999767e-01	4.945058756810677934e-03
4.824999999999999845e-01	4.876975574706425218e-03
4.828120000000000189e-01	4.808276743058363320e-03
4.831250000000000266e-01	4.739390835241333137e-03
4.834370000000000056e-01	4.669867401538800762e-03
4.837500000000000133e-01	4.600143543045397826e-03
4.840619999999999923e-01	4.529764372606330698e-03
4.843750000000000000e-01	4.459170907522101018e-03
4.846869999999999790e-01	4.387903931623972700e-03
4.849999999999999867e-01	4.316414169668111346e-03
4.853120000000000211e-01	4.244238061053708967e-03
4.856249999999999734e-01	4.171830898283236493e-03
4.859370000000000078e-01	4.098725108062410694e-03
4.862500000000000155e-01	4.025386733808798169e-03
4.865619999999999945e-01	3.951343945331237291e-03
4.868750000000000022e-01	3.877067687024290856e-03
4.871869999999999812e-01	3.802081984700414214e-03
4.874999999999999889e-01	3.726868618220376302e-03
4.878120000000000234e-01	3.650947630047290688e-03
4.881249999999999756e-01	3.574805690076964231e-03
4.884370000000000100e-01	3.497958600785892186e-03
4.887500000000000178e-01	3.420903915282508950e-03
4.890619999999999967e-01	3.343153608864743529e-03
4.893750000000000044e-01	3.265209764588095347e-03
4.896869999999999834e-01	3.186580526095657111e-03
4.899999999999999911e-01	3.107778558255969940e-03
4.903120000000000256e-01	3.028308372000976852e-03
4.906249999999999778e-01	2.948686919434979816e-03
4.909370000000000123e-01	2.868415170790258265e-03
4.912500000000000200e-01	2.788019389728862117e-03
4.915619999999999989e-01	2.706997139572969117e-03
4.918750000000000067e-01	2.625878393289126853e-03
4.921869999999999856e-01	2.544157013847482638e-03
4.924999999999999933e-01	2.462370700191452745e-03
4.928119999999999723e-01	2.380009970053619233e-03
4.931249999999999800e-01	2.297615211100905233e-03
4.934370000000000145e-01	2.214673663469164493e-03
4.937500000000000222e-01	2.131731753759965025e-03
4.940620000000000012e-01	2.048273370405958270e-03
4.943750000000000089e-01	1.964846535536827251e-03
4.946869999999999878e-01	1.880932184763990439e-03
4.949999999999999956e-01	1.797083115859591986e-03
4.953119999999999745e-01	1.712777402133208639e-03
4.956249999999999822e-01	1.628568479966123429e-03
4.959370000000000167e-01	1.543931804569396906e-03
4.962500000000000244e-01	1.459423702975610722e-03
4.965620000000000034e-01	1.374517245558798135e-03
4.968750000000000111e-01	1.289769241789898288e-03
4.971869999999999901e-01	1.204650601514818892e-03
4.974999999999999978e-01	1.119719334829472014e-03
4.978119999999999767e-01	1.034444554123840811e-03
4.981249999999999845e-01	9.493838706118084897e-04
4.984370000000000189e-01	8.640047887212622688e-04
4.987500000000000266e-01	7.788652757752132167e-04
4.990620000000000056e-01	6.934312411708225656e-04
4.993750000000000133e-01	6.082597619582461642e-04
4.996869999999999923e-01	5.228157642555959165e-04
5.000000000000000000e-01	4.376557680708063479e-04
