# T 	 Position
6.250000000000000130e-04	0.000000000000000000e+00
9.374999999999999653e-04	-3.965616931959819932e-06
1.250000000000000026e-03	-1.240730913059292441e-05
1.562500000000000087e-03	-2.083902306151176755e-05
1.874999999999999931e-03	-2.925928218977420171e-05
2.187500000000000208e-03	-3.766701408473803865e-05
2.500000000000000052e-03	-4.606203223672639097e-05
2.812499999999999896e-03	-5.444418122100848470e-05
3.125000000000000173e-03	-6.281333669779972371e-05
3.437500000000000017e-03	-7.116946758215398098e-05
3.749999999999999861e-03	-7.951260495901737676e-05
4.062500000000000139e-03	-8.784279545580914899e-05
4.375000000000000416e-03	-9.616010124242160590e-05
4.687499999999999827e-03	-1.044646777435854910e-04
5.000000000000000104e-03	-1.127567580963969126e-04
5.312500000000000382e-03	-1.210365754379520335e-04
5.624999999999999792e-03	-1.293043939902931432e-04
5.937500000000000069e-03	-1.375605556878278421e-04
6.250000000000000347e-03	-1.458054801773291771e-04
6.562499999999999757e-03	-1.540395871055702081e-04
6.875000000000000035e-03	-1.622633272042700548e-04
7.187500000000000312e-03	-1.704772444599864209e-04
7.499999999999999722e-03	-1.786819450291692371e-04
7.812500000000000000e-03	-1.868780506107414231e-04
8.125000000000000278e-03	-1.950662139885722560e-04
8.437500000000000555e-03	-2.032471501164230770e-04
8.750000000000000833e-03	-2.114216516604207959e-04
9.062499999999999375e-03	-2.195905268291652840e-04
9.374999999999999653e-03	-2.277546304586756780e-04
9.687499999999999931e-03	-2.359148795548634766e-04
1.000000000000000021e-02	-2.440722377510592543e-04
1.031250000000000049e-02	-2.522276997655398885e-04
1.062500000000000076e-02	-2.603823224864745107e-04
1.093749999999999931e-02	-2.685372094294513818e-04
1.124999999999999958e-02	-2.766935107374780280e-04
1.156249999999999986e-02	-2.848524231809813488e-04
1.187500000000000014e-02	-2.930151901578072920e-04
1.218750000000000042e-02	-3.011831016932211245e-04
1.250000000000000069e-02	-3.093574944399073785e-04
1.281249999999999924e-02	-3.175397516779695801e-04
1.312499999999999951e-02	-3.257313188574037532e-04
1.343749999999999979e-02	-3.339336880556252412e-04
1.375000000000000007e-02	-3.421483513500492247e-04
1.406250000000000035e-02	-3.503768785304562359e-04
1.437500000000000062e-02	-3.586209481839385156e-04
1.468749999999999917e-02	-3.668822233551149092e-04
1.499999999999999944e-02	-3.751623670886045873e-04
1.531249999999999972e-02	-3.834631356838650879e-04
1.562500000000000000e-02	-3.917864253226115276e-04
1.593750000000000028e-02	-4.001341011016128278e-04
1.625000000000000056e-02	-4.085079814902189705e-04
1.656250000000000083e-02	-4.169100092975642287e-04
1.687500000000000111e-02	-4.253422827575137409e-04
1.718750000000000139e-02	-4.338068534765135431e-04
1.750000000000000167e-02	-4.423057108911171735e-04
1.781249999999999847e-02	-4.508409843201359110e-04
1.812499999999999875e-02	-4.594149429646387757e-04
1.843749999999999903e-02	-4.680296539735447113e-04
1.874999999999999931e-02	-4.766868736463113101e-04
1.906249999999999958e-02	-4.853882494850844556e-04
1.937499999999999986e-02	-4.941353668221179669e-04
1.968750000000000014e-02	-5.029294535127845590e-04
2.000000000000000042e-02	-5.117713643931035309e-04
2.031250000000000069e-02	-5.206618455017824731e-04
2.062500000000000097e-02	-5.296015807076364778e-04
2.093750000000000125e-02	-5.385908808601273844e-04
2.125000000000000153e-02	-5.476296682468896788e-04
2.156249999999999833e-02	-5.567177874431924415e-04
2.187499999999999861e-02	-5.658550208544126884e-04
2.218749999999999889e-02	-5.750407778665738573e-04
2.249999999999999917e-02	-5.842740482189257836e-04
2.281249999999999944e-02	-5.935537905657724874e-04
2.312499999999999972e-02	-6.028788703065796756e-04
2.343750000000000000e-02	-6.122477642789855932e-04
2.375000000000000028e-02	-6.216585918437483567e-04
2.406250000000000056e-02	-6.311093946492605687e-04
2.437500000000000083e-02	-6.405981210890760846e-04
2.468750000000000111e-02	-6.501223465373953984e-04
2.500000000000000139e-02	-6.596792888915378999e-04
2.531250000000000167e-02	-6.692660883364578983e-04
2.562499999999999847e-02	-6.788797607173248155e-04
2.593749999999999875e-02	-6.885169799449005271e-04
2.624999999999999903e-02	-6.981740935380125954e-04
2.656249999999999931e-02	-7.078473402181767113e-04
2.687499999999999958e-02	-7.175327721972317224e-04
2.718749999999999986e-02	-7.272261619225013195e-04
2.750000000000000014e-02	-7.369230331617396355e-04
2.781250000000000042e-02	-7.466187231730242848e-04
2.812500000000000069e-02	-7.563083049923903078e-04
2.843750000000000097e-02	-7.659866496037231022e-04
2.875000000000000125e-02	-7.756484259387576644e-04
2.906250000000000153e-02	-7.852880697921332072e-04
2.937499999999999833e-02	-7.948997061090273212e-04
2.968749999999999861e-02	-8.044773044098865690e-04
2.999999999999999889e-02	-8.140146943329004767e-04
3.031249999999999917e-02	-8.235054257517426552e-04
3.062499999999999944e-02	-8.329426444357872130e-04
3.093749999999999972e-02	-8.423194028995692950e-04
3.125000000000000000e-02	-8.516287381151512468e-04
3.156250000000000028e-02	-8.608632829502952614e-04
3.187500000000000056e-02	-8.700148154367448291e-04
3.218750000000000083e-02	-8.790739323782895565e-04
3.250000000000000111e-02	-8.880290546324881270e-04
3.281250000000000139e-02	-8.968652769676615328e-04
3.312500000000000167e-02	-9.055638707037539595e-04
3.343750000000000194e-02	-9.141031696332991468e-04
3.375000000000000222e-02	-9.224587099036765572e-04
3.406250000000000250e-02	-9.306023130112008263e-04
3.437500000000000278e-02	-9.385015728995102805e-04
3.468750000000000305e-02	-9.461214723767663549e-04
3.500000000000000333e-02	-9.534245851678043197e-04
3.531249999999999667e-02	-9.603694594969323451e-04
3.562499999999999695e-02	-9.669098254218058382e-04
3.593749999999999722e-02	-9.729972992237416723e-04
3.624999999999999750e-02	-9.785816942571802426e-04
3.656249999999999778e-02	-9.836082854744235791e-04
3.687499999999999806e-02	-9.880167680799401258e-04
3.718749999999999833e-02	-9.917453918282023023e-04
3.749999999999999861e-02	-9.947313153920724852e-04
3.781249999999999889e-02	-9.969065093669007491e-04
3.812499999999999917e-02	-9.981964429315495334e-04
3.843749999999999944e-02	-9.985259497331572427e-04
3.874999999999999972e-02	-9.978196843695727805e-04
3.906250000000000000e-02	-9.959962445368875615e-04
3.937500000000000028e-02	-9.929666170929772693e-04
3.968750000000000056e-02	-9.886421415544321013e-04
4.000000000000000083e-02	-9.829350231535919930e-04
4.031250000000000111e-02	-9.757503595498599920e-04
4.062500000000000139e-02	-9.669843581080400175e-04
4.093750000000000167e-02	-9.565347027278783701e-04
4.125000000000000194e-02	-9.443011444580401859e-04
4.156250000000000222e-02	-9.301751191240952357e-04
4.187500000000000250e-02	-9.140376646371260738e-04
4.218750000000000278e-02	-8.957729274028301781e-04
4.250000000000000305e-02	-8.752727473510777973e-04
4.281250000000000333e-02	-8.524337204084993366e-04
4.312499999999999667e-02	-8.271668814592126424e-04
4.343749999999999695e-02	-7.994200388786319895e-04
4.374999999999999722e-02	-7.691800903619535473e-04
4.406249999999999750e-02	-7.364574338236655080e-04
4.437499999999999778e-02	-7.012860606523830392e-04
4.468749999999999806e-02	-6.637393313210210701e-04
4.499999999999999833e-02	-6.239297733346438899e-04
4.531249999999999861e-02	-5.819932279079285823e-04
4.562499999999999889e-02	-5.380914921855877320e-04
4.593749999999999917e-02	-4.924247532208296616e-04
4.624999999999999944e-02	-4.452305000022429150e-04
4.656249999999999972e-02	-3.967709340506060233e-04
4.687500000000000000e-02	-3.473348345156557215e-04
4.718750000000000028e-02	-2.972302532137419649e-04
4.750000000000000056e-02	-2.467638431386380581e-04
4.781250000000000083e-02	-1.962229846175040314e-04
4.812500000000000111e-02	-1.458768732840020211e-04
4.843750000000000139e-02	-9.597325615895035847e-05
4.875000000000000167e-02	-4.673672197828532390e-05
4.906250000000000194e-02	1.628812011246706632e-06
4.937500000000000222e-02	4.893636985855135844e-05
4.968750000000000250e-02	9.502368814472379537e-05
5.000000000000000278e-02	1.397543039561639127e-04
5.031250000000000305e-02	1.830097836480389388e-04
5.062500000000000333e-02	2.246877023227833166e-04
5.093749999999999667e-02	2.647120572870594914e-04
5.124999999999999695e-02	3.030338897506797873e-04
5.156249999999999722e-02	3.396211822191109683e-04
5.187499999999999750e-02	3.744576150956233302e-04
5.218749999999999778e-02	4.075540681113694851e-04
5.249999999999999806e-02	4.389475168097952871e-04
5.281249999999999833e-02	4.686835938918494475e-04
5.312499999999999861e-02	4.968095018482612639e-04
5.343749999999999889e-02	5.233790176358708770e-04
5.374999999999999917e-02	5.484501457641947908e-04
5.406249999999999944e-02	5.720746582110466461e-04
5.437499999999999972e-02	5.942990269709210035e-04
5.468750000000000000e-02	6.151732677221737489e-04
5.500000000000000028e-02	6.347505978926145471e-04
5.531250000000000056e-02	6.530786085347993443e-04
5.562500000000000083e-02	6.702002124168890103e-04
5.593750000000000111e-02	6.861611976645626883e-04
5.625000000000000139e-02	7.010099324540304891e-04
5.656250000000000167e-02	7.147897802851720496e-04
5.687500000000000194e-02	7.275399392750830875e-04
5.718750000000000222e-02	7.393018767419281233e-04
5.750000000000000250e-02	7.501190649828983403e-04
5.781250000000000278e-02	7.600305622328317693e-04
5.812500000000000305e-02	7.690717431604475376e-04
5.843750000000000333e-02	7.772797076489761699e-04
5.874999999999999667e-02	7.846930632015362795e-04
5.906249999999999695e-02	7.913464850755586684e-04
5.937499999999999722e-02	7.972713846091282952e-04
5.968749999999999750e-02	8.025004320806488657e-04
5.999999999999999778e-02	8.070673857416398728e-04
6.031249999999999806e-02	8.110025223296520903e-04
6.062499999999999833e-02	8.143332090312754542e-04
6.093749999999999861e-02	8.170876834115937872e-04
6.124999999999999889e-02	8.192948513620323383e-04
6.156249999999999917e-02	8.209805460270889034e-04
6.187499999999999944e-02	8.221680127294949412e-04
6.218749999999999972e-02	8.228810034766036868e-04
6.250000000000000000e-02	8.231436310165687800e-04
6.281249999999999334e-02	8.229772723114332951e-04
6.312500000000000056e-02	8.224010118084618170e-04
6.343749999999999389e-02	8.214343430328091989e-04
6.375000000000000111e-02	8.200972675930763784e-04
6.406249999999999445e-02	8.184079002416319451e-04
6.437500000000000167e-02	8.163828745331616447e-04
6.468749999999999500e-02	8.140394363957894220e-04
6.500000000000000222e-02	8.113953399965088313e-04
6.531249999999999556e-02	8.084667603870494216e-04
6.562500000000000278e-02	8.052686027990906339e-04
6.593749999999999611e-02	8.018161687973741989e-04
6.625000000000000333e-02	7.981250645791156074e-04
6.656249999999999667e-02	7.942095270496513570e-04
6.687500000000000389e-02	7.900827051412031340e-04
6.718749999999999722e-02	7.857579498381424840e-04
6.750000000000000444e-02	7.812487364646256236e-04
6.781249999999999778e-02	7.765673746593280101e-04
6.812500000000000500e-02	7.717252259700675427e-04
6.843749999999999833e-02	7.667336985720814941e-04
6.875000000000000555e-02	7.616041695556613218e-04
6.906249999999999889e-02	7.563469902078745434e-04
6.937500000000000611e-02	7.509717191496625803e-04
6.968749999999999944e-02	7.454878062046550909e-04
7.000000000000000666e-02	7.399045457717511390e-04
7.031250000000000000e-02	7.342303618713573107e-04
7.062499999999999334e-02	7.284729635701189593e-04
7.093750000000000056e-02	7.226398578825314698e-04
7.124999999999999389e-02	7.167382876010477619e-04
7.156250000000000111e-02	7.107747494794135982e-04
7.187499999999999445e-02	7.047550874875048140e-04
7.218750000000000167e-02	6.986848347457364893e-04
7.249999999999999500e-02	6.925692135250614313e-04
7.281250000000000222e-02	6.864127933125642542e-04
7.312499999999999556e-02	6.802195374388780424e-04
7.343750000000000278e-02	6.739930362152849038e-04
7.374999999999999611e-02	6.677365069337101158e-04
7.406250000000000333e-02	6.614525607296310034e-04
7.437499999999999667e-02	6.551432492094928436e-04
7.468750000000000389e-02	6.488102354179154036e-04
7.499999999999999722e-02	6.424547627527440888e-04
7.531250000000000444e-02	6.360774995403218430e-04
7.562499999999999778e-02	6.296785856629057024e-04
7.593750000000000500e-02	6.232577258135074943e-04
7.624999999999999833e-02	6.168142050383652267e-04
7.656250000000000555e-02	6.103467954821068355e-04
7.687499999999999889e-02	6.038537408452741319e-04
7.718750000000000611e-02	5.973331138612062927e-04
7.749999999999999944e-02	5.907830494331336914e-04
7.781250000000000666e-02	5.842016669218150953e-04
7.812500000000000000e-02	5.775870390605881630e-04
7.843749999999999334e-02	5.709374406349421475e-04
7.875000000000000056e-02	5.642513640249889606e-04
7.906249999999999389e-02	5.575272860683667389e-04
7.937500000000000111e-02	5.507636525177685627e-04
7.968749999999999445e-02	5.439591267205091951e-04
8.000000000000000167e-02	5.371125896185280097e-04
8.031249999999999500e-02	5.302228910688166130e-04
8.062500000000000222e-02	5.232888498434223141e-04
8.093749999999999556e-02	5.163095023090133462e-04
8.125000000000000278e-02	5.092841179693560023e-04
8.156249999999999611e-02	5.022119352432689171e-04
8.187500000000000333e-02	4.950921303796799620e-04
8.218749999999999667e-02	4.879241283070843982e-04
8.250000000000000389e-02	4.807075870910756010e-04
8.281249999999999722e-02	4.734421026273524964e-04
8.312500000000000444e-02	4.661272397266700380e-04
8.343749999999999778e-02	4.587627963368773364e-04
8.375000000000000500e-02	4.513488035429212911e-04
8.406249999999999833e-02	4.438852613448012515e-04
8.437500000000000555e-02	4.363720920301526252e-04
8.468749999999999889e-02	4.288094665661783722e-04
8.500000000000000611e-02	4.211978201421252735e-04
8.531249999999999944e-02	4.135375102348734576e-04
8.562500000000000666e-02	4.058288321514121814e-04
8.593750000000000000e-02	3.980723298782980375e-04
8.624999999999999334e-02	3.902688116241319815e-04
8.656250000000000056e-02	3.824190234276209533e-04
8.687499999999999389e-02	3.745236491575803161e-04
8.718750000000000111e-02	3.665836058199217588e-04
8.749999999999999445e-02	3.586000591001255525e-04
8.781250000000000167e-02	3.505741435987266949e-04
8.812499999999999500e-02	3.425069317463668188e-04
8.843750000000000222e-02	3.343997135683116789e-04
8.874999999999999556e-02	3.262540277693951247e-04
8.906250000000000278e-02	3.180713508845602424e-04
8.937499999999999611e-02	3.098531594487478956e-04
8.968750000000000333e-02	3.016011475915244796e-04
8.999999999999999667e-02	2.933171804096581028e-04
9.031250000000000389e-02	2.850031074574455384e-04
9.062499999999999722e-02	2.766607782891814448e-04
9.093750000000000444e-02	2.682921512564747919e-04
9.124999999999999778e-02	2.598992157958785213e-04
9.156250000000000500e-02	2.514838370041616632e-04
9.187499999999999833e-02	2.430478022657278961e-04
9.218750000000000555e-02	2.345928834225079098e-04
9.249999999999999889e-02	2.261208678589049492e-04
9.281250000000000611e-02	2.176334497044848677e-04
9.312499999999999944e-02	2.091322142915006440e-04
9.343750000000000666e-02	2.006187469522065312e-04
9.375000000000000000e-02	1.920946174763824650e-04
9.406249999999999334e-02	1.835613179414444392e-04
9.437500000000000056e-02	1.750202627124419037e-04
9.468749999999999389e-02	1.664728350694781405e-04
9.500000000000000111e-02	1.579204182926576244e-04
9.531249999999999445e-02	1.493643024072448364e-04
9.562500000000000167e-02	1.408057152686137653e-04
9.593749999999999500e-02	1.322458691896629172e-04
9.625000000000000222e-02	1.236859298558739997e-04
9.656249999999999556e-02	1.151269852403615396e-04
9.687500000000000278e-02	1.065700922312954002e-04
9.718749999999999611e-02	9.801626108942471604e-05
9.750000000000000333e-02	8.946643990560775007e-05
9.781249999999999667e-02	8.092153014328221268e-05
9.812500000000000389e-02	7.238240218094096120e-05
9.843749999999999722e-02	6.384987976965630040e-05
9.875000000000000444e-02	5.532472449060965662e-05
9.906249999999999778e-02	4.680763575508865040e-05
9.937500000000000500e-02	3.829929743190939057e-05
9.968749999999999833e-02	2.980034676246710136e-05
1.000000000000000056e-01	2.131132773332027259e-05
1.003119999999999984e-01	1.283275324607959844e-05
1.006250000000000061e-01	4.382082745148110831e-06
1.009369999999999989e-01	-4.082332026894022727e-06
1.012500000000000067e-01	-1.251064165885008252e-05
1.015619999999999995e-01	-2.095590860142273608e-05
1.018749999999999933e-01	-2.936272635029002511e-05
1.021870000000000001e-01	-3.778392618362671443e-05
1.024999999999999939e-01	-4.616551230657202500e-05
1.028120000000000006e-01	-5.456107272922882995e-05
1.031249999999999944e-01	-6.291683755725722461e-05
1.034370000000000012e-01	-7.128633825102631777e-05
1.037499999999999950e-01	-7.961612660808688006e-05
1.040620000000000017e-01	-8.795964540967338065e-05
1.043749999999999956e-01	-9.626364350702745971e-05
1.046870000000000023e-01	-1.045815073305930297e-04
1.049999999999999961e-01	-1.128603203548401898e-04
1.053120000000000028e-01	-1.211533854041416352e-04
1.056249999999999967e-01	-1.294079754467990749e-04
1.059370000000000034e-01	-1.376773470030496159e-04
1.062499999999999972e-01	-1.459090796133679019e-04
1.065620000000000039e-01	-1.541563611126939390e-04
1.068749999999999978e-01	-1.623669432272361137e-04
1.071870000000000045e-01	-1.705940027505614839e-04
1.074999999999999983e-01	-1.787855757988337060e-04
1.078120000000000051e-01	-1.869947951493362186e-04
1.081249999999999989e-01	-1.951698574657628098e-04
1.084370000000000056e-01	-2.033638830914180498e-04
1.087499999999999994e-01	-2.115253054329455421e-04
1.090620000000000062e-01	-2.197072508019598503e-04
1.093750000000000000e-01	-2.278582918656632561e-04
1.096870000000000067e-01	-2.360315973604048656e-04
1.100000000000000006e-01	-2.441759037834869729e-04
1.103119999999999934e-01	-2.523444145371906474e-04
1.106250000000000011e-01	-2.604859898617712961e-04
1.109369999999999939e-01	-2.686539246238569623e-04
1.112500000000000017e-01	-2.767971758497907424e-04
1.115619999999999945e-01	-2.849691425532038217e-04
1.118750000000000022e-01	-2.931188491028666123e-04
1.121869999999999951e-01	-3.012998292967373364e-04
1.125000000000000028e-01	-3.094611430150287176e-04
1.128119999999999956e-01	-3.176564918646720211e-04
1.131250000000000033e-01	-3.258349525366188064e-04
1.134369999999999962e-01	-3.340504455255576509e-04
1.137500000000000039e-01	-3.422519653587105179e-04
1.140619999999999967e-01	-3.504936581826063511e-04
1.143750000000000044e-01	-3.587245373246427229e-04
1.146869999999999973e-01	-3.669990305360930913e-04
1.150000000000000050e-01	-3.752659260396090960e-04
1.153119999999999978e-01	-3.835799758646223404e-04
1.156250000000000056e-01	-3.918899482399464985e-04
1.159369999999999984e-01	-4.002509803001943708e-04
1.162500000000000061e-01	-4.086114624801784703e-04
1.165619999999999989e-01	-4.170269335320158244e-04
1.168750000000000067e-01	-4.254457153544290572e-04
1.171869999999999995e-01	-4.339238293865795015e-04
1.174999999999999933e-01	-4.424090886293197567e-04
1.178120000000000001e-01	-4.509580184958247189e-04
1.181249999999999939e-01	-4.595182588064967554e-04
1.184370000000000006e-01	-4.681467533530168641e-04
1.187499999999999944e-01	-4.767901214743070068e-04
1.190620000000000012e-01	-4.855054195144220151e-04
1.193749999999999950e-01	-4.942385414637164541e-04
1.196870000000000017e-01	-5.030466986930880267e-04
1.199999999999999956e-01	-5.118744625159986437e-04
1.203120000000000023e-01	-5.207791683944510211e-04
1.206249999999999961e-01	-5.297046000239762336e-04
1.209370000000000028e-01	-5.387082830567110382e-04
1.212499999999999967e-01	-5.477326083836544287e-04
1.215620000000000034e-01	-5.568352685706713353e-04
1.218749999999999972e-01	-5.659578824084340442e-04
1.221870000000000039e-01	-5.751583366318143136e-04
1.224999999999999978e-01	-5.843768337516026465e-04
1.228120000000000045e-01	-5.936714236862041102e-04
1.231249999999999983e-01	-6.029815832994261677e-04
1.234370000000000051e-01	-6.123654675021877013e-04
1.237499999999999989e-01	-6.217612377428470821e-04
1.240620000000000056e-01	-6.312271618328477336e-04
1.243749999999999994e-01	-6.407007063103599322e-04
1.246870000000000062e-01	-6.502401705193964088e-04
1.250000000000000000e-01	-6.597818217657724178e-04
1.253120000000000067e-01	-6.693839600898042735e-04
1.256249999999999867e-01	-6.789822505948615514e-04
1.259369999999999934e-01	-6.886348893732008791e-04
1.262500000000000011e-01	-6.982765515845640010e-04
1.265620000000000078e-01	-7.079652754594166313e-04
1.268749999999999878e-01	-7.176352107473055620e-04
1.271869999999999945e-01	-7.273441098961343958e-04
1.275000000000000022e-01	-7.370254661413903376e-04
1.278120000000000089e-01	-7.467366692566930475e-04
1.281249999999999889e-01	-7.564107477451486802e-04
1.284369999999999956e-01	-7.661045777078589634e-04
1.287500000000000033e-01	-7.757508952007576702e-04
1.290620000000000100e-01	-7.854059624842990540e-04
1.293749999999999900e-01	-7.950022201830862301e-04
1.296869999999999967e-01	-8.045951426412264844e-04
1.300000000000000044e-01	-8.141172727403635494e-04
1.303120000000000112e-01	-8.236231893294762487e-04
1.306249999999999911e-01	-8.330453084636263092e-04
1.309369999999999978e-01	-8.424370697409496941e-04
1.312500000000000056e-01	-8.517315100201867765e-04
1.315620000000000123e-01	-8.609808301270672516e-04
1.318749999999999922e-01	-8.701177201615389141e-04
1.321869999999999989e-01	-8.791913316901891822e-04
1.325000000000000067e-01	-8.881321257487814237e-04
1.328120000000000134e-01	-8.969824860396912944e-04
1.331249999999999933e-01	-9.056671620258066992e-04
1.334370000000000001e-01	-9.142201238336384239e-04
1.337500000000000078e-01	-9.225622952395837921e-04
1.340619999999999867e-01	-9.307189281120803286e-04
1.343749999999999944e-01	-9.386055491845678471e-04
1.346870000000000012e-01	-9.462376405009876972e-04
1.350000000000000089e-01	-9.535290683115600196e-04
1.353119999999999878e-01	-9.604850544396149967e-04
1.356249999999999956e-01	-9.670149557790083282e-04
1.359370000000000023e-01	-9.731121695390275005e-04
1.362500000000000100e-01	-9.786876295404126416e-04
1.365619999999999890e-01	-9.837222633036037719e-04
1.368749999999999967e-01	-9.881236923369514803e-04
1.371870000000000034e-01	-9.918582818832107593e-04
1.375000000000000111e-01	-9.948394279693786521e-04
1.378119999999999901e-01	-9.970181022545664823e-04
1.381249999999999978e-01	-9.983059719255117561e-04
1.384370000000000045e-01	-9.986360059380018379e-04
1.387500000000000122e-01	-9.979308705989995299e-04
1.390619999999999912e-01	-9.961045132625817849e-04
1.393749999999999989e-01	-9.930797332225818359e-04
1.396870000000000056e-01	-9.887483385231745671e-04
1.400000000000000133e-01	-9.830503515117757028e-04
1.403119999999999923e-01	-9.758541924462780549e-04
1.406250000000000000e-01	-9.671022166067657928e-04
1.409370000000000067e-01	-9.566358417779953494e-04
1.412499999999999867e-01	-9.444218572013889481e-04
1.415619999999999934e-01	-9.302732302269101430e-04
1.418750000000000011e-01	-9.141615956671200445e-04
1.421870000000000078e-01	-8.958676348532488079e-04
1.424999999999999878e-01	-8.754002550895790451e-04
1.428119999999999945e-01	-8.525246857038939596e-04
1.431250000000000022e-01	-8.272982736969255492e-04
1.434370000000000089e-01	-7.995070361682145559e-04
1.437499999999999889e-01	-7.693154715691620993e-04
1.440619999999999956e-01	-7.365404587804149630e-04
1.443750000000000033e-01	-7.014253598062058668e-04
1.446870000000000100e-01	-6.638185557079127842e-04
1.449999999999999900e-01	-6.240726930143129661e-04
1.453119999999999967e-01	-5.820690491149175909e-04
1.456250000000000044e-01	-5.382375561697316920e-04
1.459370000000000112e-01	-4.924977504226289281e-04
1.462499999999999911e-01	-4.453790080091911082e-04
1.465619999999999978e-01	-3.968419067520346675e-04
1.468750000000000056e-01	-3.474849049763392640e-04
1.471870000000000123e-01	-2.973001563443411900e-04
1.474999999999999922e-01	-2.469144925253564243e-04
1.478119999999999989e-01	-1.962927686305919375e-04
1.481250000000000067e-01	-1.460272110752222586e-04
1.484370000000000134e-01	-9.604374816276930159e-05
1.487499999999999933e-01	-4.688599243679236945e-05
1.490620000000000001e-01	1.556926407119858387e-06
1.493750000000000078e-01	4.878879216186980645e-05
1.496869999999999867e-01	9.494985015730120822e-05
1.499999999999999944e-01	1.396088969834399936e-04
1.503120000000000012e-01	1.829335854428229958e-04
1.506250000000000089e-01	2.245448194476884940e-04
1.509369999999999878e-01	2.646332133799084271e-04
1.512499999999999956e-01	3.028937309115850422e-04
1.515620000000000023e-01	3.395395630479666792e-04
1.518750000000000100e-01	3.743202576318773464e-04
1.521869999999999890e-01	4.074696649724494847e-04
1.524999999999999967e-01	4.388128841529556146e-04
1.528120000000000034e-01	4.685965389583417661e-04
1.531250000000000111e-01	4.966774454620240947e-04
1.534369999999999901e-01	5.232894724748943021e-04
1.537499999999999978e-01	5.483204867982112603e-04
1.540620000000000045e-01	5.719827984649786647e-04
1.543750000000000122e-01	5.941716082348376046e-04
1.546869999999999912e-01	6.150792477712931040e-04
1.549999999999999989e-01	6.346252542134598424e-04
1.553120000000000056e-01	6.529825896726724295e-04
1.556250000000000133e-01	6.700767989885509117e-04
1.559369999999999923e-01	6.860633218126213585e-04
1.562500000000000000e-01	7.008882986264249005e-04
1.565620000000000067e-01	7.146901942140966579e-04
1.568749999999999867e-01	7.274199529496240329e-04
1.571869999999999934e-01	7.392007095164152084e-04
1.575000000000000011e-01	7.500005902562001609e-04
1.578120000000000078e-01	7.599279459017337611e-04
1.581249999999999878e-01	7.689546609398657416e-04
1.584369999999999945e-01	7.771757581715755007e-04
1.587500000000000022e-01	7.845772523552516651e-04
1.590620000000000089e-01	7.912413197042726404e-04
1.593749999999999889e-01	7.971567393985883997e-04
1.596869999999999956e-01	8.023941533460631718e-04
1.600000000000000033e-01	8.069537998811967703e-04
1.603120000000000100e-01	8.108952326877497726e-04
1.606249999999999900e-01	8.142205902906509340e-04
1.609369999999999967e-01	8.169794718299778786e-04
1.612500000000000044e-01	8.191831083116954621e-04
1.615620000000000112e-01	8.208715000882160990e-04
1.618749999999999911e-01	8.220570668438982077e-04
1.621869999999999978e-01	8.227711983762024282e-04
1.625000000000000056e-01	8.230334057121035940e-04
1.628120000000000123e-01	8.228667808330398332e-04
1.631249999999999922e-01	8.222914423468726235e-04
1.634369999999999989e-01	8.213232269011788321e-04
1.637500000000000067e-01	8.199882907821493460e-04
1.640620000000000134e-01	8.182962204429428035e-04
1.643749999999999933e-01	8.162744347756060049e-04
1.646870000000000001e-01	8.139272471372141103e-04
1.650000000000000078e-01	8.112873812921723689e-04
1.653119999999999867e-01	8.083541159553379483e-04
1.656249999999999944e-01	8.051610754195202228e-04
1.659370000000000012e-01	8.017031175234012397e-04
1.662500000000000089e-01	7.980179190718916576e-04
1.665619999999999878e-01	7.940961166823800070e-04
1.668749999999999956e-01	7.899758976889853729e-04
1.671870000000000023e-01	7.856442227774397807e-04
1.675000000000000100e-01	7.811422241453203292e-04
1.678119999999999890e-01	7.764533721611342407e-04
1.681249999999999967e-01	7.716189709097774456e-04
1.684370000000000034e-01	7.666194570679546244e-04
1.687500000000000111e-01	7.614981352979606532e-04
1.690619999999999901e-01	7.562325444632172610e-04
1.693749999999999978e-01	7.508658738386989658e-04
1.696870000000000045e-01	7.453731866329791657e-04
1.700000000000000122e-01	7.397988594167676304e-04
1.703119999999999912e-01	7.341155968221331918e-04
1.706249999999999989e-01	7.283674103581771813e-04
1.709370000000000056e-01	7.225249717014894501e-04
1.712500000000000133e-01	7.166328439324559608e-04
1.715619999999999923e-01	7.106597641498268439e-04
1.718750000000000000e-01	7.046497336171054409e-04
1.721870000000000067e-01	6.985697684709498648e-04
1.724999999999999867e-01	6.924639322442279268e-04
1.728119999999999934e-01	6.862976617593909839e-04
1.731250000000000011e-01	6.801143150951033303e-04
1.734370000000000078e-01	6.738778514695520101e-04
1.737499999999999878e-01	6.676313326348279039e-04
1.740619999999999945e-01	6.613373321168225559e-04
1.743750000000000022e-01	6.550381154951167651e-04
1.746870000000000089e-01	6.486949688814726712e-04
1.749999999999999889e-01	6.423496649725656850e-04
1.753119999999999956e-01	6.359621981390036925e-04
1.756250000000000033e-01	6.295735225237908623e-04
1.759370000000000100e-01	6.231423892986332922e-04
1.762499999999999900e-01	6.167091781567313451e-04
1.765619999999999967e-01	6.102314207451830846e-04
1.768750000000000044e-01	6.037487549957693336e-04
1.771870000000000112e-01	5.972176950085265716e-04
1.774999999999999911e-01	5.906781106835390198e-04
1.778119999999999978e-01	5.840861979602025291e-04
1.781250000000000056e-01	5.774821535035536569e-04
1.784370000000000123e-01	5.708219157204265717e-04
1.787499999999999922e-01	5.641465368330491129e-04
1.790619999999999989e-01	5.574117003516968361e-04
1.793750000000000067e-01	5.506588886147791842e-04
1.796870000000000134e-01	5.438434755762443099e-04
1.799999999999999933e-01	5.370078929336258473e-04
1.803120000000000001e-01	5.301071708662354791e-04
1.806250000000000078e-01	5.231842241068011476e-04
1.809369999999999867e-01	5.161937096163371225e-04
1.812499999999999944e-01	5.091795658916236115e-04
1.815620000000000012e-01	5.020960676731748423e-04
1.818750000000000089e-01	4.949876544973672281e-04
1.821869999999999878e-01	4.878081836214554997e-04
1.824999999999999956e-01	4.806031888713925039e-04
1.828120000000000023e-01	4.733260796325275020e-04
1.831250000000000100e-01	4.660229205124858070e-04
1.834369999999999890e-01	4.586466940132693788e-04
1.837499999999999967e-01	4.512445636077840917e-04
1.840620000000000034e-01	4.437690797421471297e-04
1.843750000000000111e-01	4.362679314984014732e-04
1.846869999999999901e-01	4.286932058336849049e-04
1.849999999999999978e-01	4.210937380439106967e-04
1.853120000000000045e-01	4.134211716408072780e-04
1.856250000000000122e-01	4.057248274422792927e-04
1.859369999999999912e-01	3.979559147655283209e-04
1.862499999999999989e-01	3.901648821405692236e-04
1.865620000000000056e-01	3.823025342829435166e-04
1.868750000000000133e-01	3.744197926117348390e-04
1.871869999999999923e-01	3.664670452047357201e-04
1.875000000000000000e-01	3.584962721596918417e-04
1.878120000000000067e-01	3.504575151934903902e-04
1.881249999999999867e-01	3.424032108800940618e-04
1.884369999999999934e-01	3.342830211529543858e-04
1.887500000000000011e-01	3.261503684513160470e-04
1.890620000000000078e-01	3.179545992834650414e-04
1.893749999999999878e-01	3.097495569539500870e-04
1.896869999999999945e-01	3.014843418777553015e-04
1.900000000000000022e-01	2.932136290433799523e-04
1.903120000000000089e-01	2.848862535744433808e-04
1.906249999999999889e-01	2.765572721328493242e-04
1.909369999999999956e-01	2.681752552968908322e-04
1.912500000000000033e-01	2.597957485330314046e-04
1.915620000000000100e-01	2.513669051352474524e-04
1.918749999999999900e-01	2.429443680523950223e-04
1.921869999999999967e-01	2.344759213390264685e-04
1.925000000000000044e-01	2.260174610003252494e-04
1.928120000000000112e-01	2.175164629768576257e-04
1.931249999999999911e-01	2.090288295405339121e-04
1.934369999999999978e-01	2.005017406534972024e-04
1.937500000000000056e-01	1.919912497848345792e-04
1.940620000000000123e-01	1.834442969706403539e-04
1.943749999999999922e-01	1.749169074300037819e-04
1.946869999999999989e-01	1.663558039028120510e-04
1.950000000000000067e-01	1.578170709928342075e-04
1.953120000000000134e-01	1.492472653220046309e-04
1.956249999999999933e-01	1.407023719227951152e-04
1.959370000000000001e-01	1.321288300901187591e-04
1.962500000000000078e-01	1.235825866592635508e-04
1.965619999999999867e-01	1.150099477323662822e-04
1.968749999999999944e-01	1.064667457521150160e-04
1.971870000000000012e-01	9.789922848041727663e-05
1.975000000000000089e-01	8.936308701049411080e-05
1.978119999999999878e-01	8.080450539254882265e-05
1.981249999999999956e-01	7.227904003494739331e-05
1.984370000000000023e-01	6.373286558780469899e-05
1.987500000000000100e-01	5.522135055720418117e-05
1.990619999999999890e-01	4.669063447970637896e-05
1.993749999999999967e-01	3.819590949784455931e-05
1.996870000000000034e-01	2.968336050733117151e-05
2.000000000000000111e-01	2.120792390863058275e-05
2.003119999999999901e-01	1.271578370221027407e-05
2.006249999999999978e-01	4.265113201279122733e-06
2.009370000000000045e-01	-4.199301570763010826e-06
2.012500000000000122e-01	-1.262761120271940859e-05
2.015619999999999912e-01	-2.107287814529206215e-05
2.018749999999999989e-01	-2.947969589415893105e-05
2.021870000000000056e-01	-3.790089572749595241e-05
2.025000000000000133e-01	-4.628248185044126975e-05
2.028119999999999923e-01	-5.467804227309841351e-05
2.031250000000000000e-01	-6.303380710112621186e-05
2.034370000000000067e-01	-7.140330779489563028e-05
2.037499999999999867e-01	-7.973309615195620613e-05
2.040619999999999934e-01	-8.807661495354228659e-05
2.043750000000000011e-01	-9.638061305089636564e-05
2.046870000000000078e-01	-1.046984768744623558e-04
2.049999999999999878e-01	-1.129772898987095158e-04
2.053119999999999945e-01	-1.212703549480106225e-04
2.056250000000000022e-01	-1.295249449906679673e-04
2.059370000000000089e-01	-1.377943165469189420e-04
2.062499999999999889e-01	-1.460260491572372280e-04
2.065619999999999956e-01	-1.542733306565629398e-04
2.068750000000000033e-01	-1.624839127711051145e-04
2.071870000000000100e-01	-1.707109722944308099e-04
2.074999999999999900e-01	-1.789025453427030320e-04
2.078119999999999967e-01	-1.871117646932052194e-04
2.081250000000000044e-01	-1.952868270096317022e-04
2.084370000000000112e-01	-2.034808526352872946e-04
2.087499999999999911e-01	-2.116422749768148682e-04
2.090619999999999978e-01	-2.198242203458287427e-04
2.093750000000000056e-01	-2.279752614095322569e-04
2.096870000000000123e-01	-2.361485669042741916e-04
2.099999999999999922e-01	-2.442928733273562990e-04
2.103119999999999989e-01	-2.524613840810594856e-04
2.106250000000000067e-01	-2.606029594056404595e-04
2.109370000000000134e-01	-2.687708941677262884e-04
2.112499999999999933e-01	-2.769141453936603938e-04
2.115620000000000001e-01	-2.850861120970726598e-04
2.118750000000000078e-01	-2.932358186467357757e-04
2.121869999999999867e-01	-3.014167988406064999e-04
2.124999999999999944e-01	-3.095781125588973931e-04
2.128120000000000012e-01	-3.177734614085406424e-04
2.131250000000000089e-01	-3.259519220804882951e-04
2.134369999999999878e-01	-3.341674150694271396e-04
2.137499999999999956e-01	-3.423689349025795187e-04
2.140620000000000023e-01	-3.506106277264752977e-04
2.143750000000000100e-01	-3.588415068685122658e-04
2.146869999999999890e-01	-3.671160000799627426e-04
2.149999999999999967e-01	-3.753828955834782595e-04
2.153120000000000034e-01	-3.836969454084912870e-04
2.156250000000000111e-01	-3.920069177838158246e-04
2.159369999999999901e-01	-4.003679498440638595e-04
2.162499999999999978e-01	-4.087284320240476337e-04
2.165620000000000045e-01	-4.171439030758848253e-04
2.168750000000000122e-01	-4.255626848982985459e-04
2.171869999999999912e-01	-4.340407989304490444e-04
2.174999999999999989e-01	-4.425260581731887575e-04
2.178120000000000056e-01	-4.510749880396940450e-04
2.181250000000000133e-01	-4.596352283503660815e-04
2.184369999999999923e-01	-4.682637228968865696e-04
2.187500000000000000e-01	-4.769070910181761702e-04
2.190620000000000067e-01	-4.856223890582915038e-04
2.193749999999999867e-01	-4.943555110075857802e-04
2.196869999999999934e-01	-5.031636682369569191e-04
2.200000000000000011e-01	-5.119914320598674276e-04
2.203120000000000078e-01	-5.208961379383204556e-04
2.206249999999999878e-01	-5.298215695678456681e-04
2.209369999999999945e-01	-5.388252526005799306e-04
2.212500000000000022e-01	-5.478495779275235379e-04
2.215620000000000089e-01	-5.569522381145405529e-04
2.218749999999999889e-01	-5.660748519523032618e-04
2.221869999999999956e-01	-5.752753061756832060e-04
2.225000000000000033e-01	-5.844938032954715389e-04
2.228120000000000100e-01	-5.937883932300735447e-04
2.231249999999999900e-01	-6.030985528432956022e-04
2.234369999999999967e-01	-6.124824370460568105e-04
2.237500000000000044e-01	-6.218782072867161913e-04
2.240620000000000112e-01	-6.313441313767172765e-04
2.243749999999999911e-01	-6.408176758542293667e-04
2.246869999999999978e-01	-6.503571400632653012e-04
2.250000000000000056e-01	-6.598987913096415270e-04
2.253120000000000123e-01	-6.695009296336734911e-04
2.256249999999999922e-01	-6.790992201387309858e-04
2.259369999999999989e-01	-6.887518589170703136e-04
2.262500000000000067e-01	-6.983935211284335439e-04
2.265620000000000134e-01	-7.080822450032860657e-04
2.268749999999999933e-01	-7.177521802911747796e-04
2.271870000000000001e-01	-7.274610794400040471e-04
2.275000000000000078e-01	-7.371424356852596636e-04
2.278119999999999867e-01	-7.468536388005628072e-04
2.281249999999999944e-01	-7.565277172890170305e-04
2.284370000000000012e-01	-7.662215472517281811e-04
2.287500000000000089e-01	-7.758678647446269963e-04
2.290619999999999878e-01	-7.855229320281681632e-04
2.293749999999999956e-01	-7.951191897269546888e-04
2.296870000000000023e-01	-8.047121121850954852e-04
2.300000000000000100e-01	-8.142342422842326587e-04
2.303119999999999890e-01	-8.237401588733455748e-04
2.306249999999999967e-01	-8.331622780074948763e-04
2.309370000000000034e-01	-8.425540392848191286e-04
2.312500000000000111e-01	-8.518484795640562110e-04
2.315619999999999901e-01	-8.610977996709366861e-04
2.318749999999999978e-01	-8.702346897054072643e-04
2.321870000000000045e-01	-8.793083012340585083e-04
2.325000000000000122e-01	-8.882490952926508582e-04
2.328119999999999912e-01	-8.970994555835607289e-04
2.331249999999999989e-01	-9.057841315696750495e-04
2.334370000000000056e-01	-9.143370933775078584e-04
2.337500000000000133e-01	-9.226792647834529014e-04
2.340619999999999923e-01	-9.308358976559494378e-04
2.343750000000000000e-01	-9.387225187284369563e-04
2.346870000000000067e-01	-9.463546100448566980e-04
2.349999999999999867e-01	-9.536460378554291288e-04
2.353119999999999934e-01	-9.606020239834833470e-04
2.356250000000000011e-01	-9.671319253228772206e-04
2.359370000000000078e-01	-9.732291390828963929e-04
2.362499999999999878e-01	-9.788045990842815340e-04
2.365619999999999945e-01	-9.838392328474722306e-04
2.368750000000000022e-01	-9.882406618808199390e-04
2.371870000000000089e-01	-9.919752514270796517e-04
2.374999999999999889e-01	-9.949563975132473276e-04
2.378119999999999956e-01	-9.971350717984351578e-04
2.381250000000000033e-01	-9.984229414693806485e-04
2.384370000000000100e-01	-9.987529754818711639e-04
2.387499999999999900e-01	-9.980478401428684223e-04
2.390619999999999967e-01	-9.962214828064508941e-04
2.393750000000000044e-01	-9.931967027664507282e-04
2.396870000000000112e-01	-9.888653080670438932e-04
2.399999999999999911e-01	-9.831673210556450288e-04
2.403119999999999978e-01	-9.759711619901472726e-04
2.406250000000000056e-01	-9.672191861506343599e-04
2.409370000000000123e-01	-9.567528113218643502e-04
2.412499999999999922e-01	-9.445388267452575152e-04
2.415619999999999989e-01	-9.303901997707792523e-04
2.418750000000000067e-01	-9.142785652109888285e-04
2.421870000000000134e-01	-8.959846043971175919e-04
2.424999999999999933e-01	-8.755172246334475038e-04
2.428120000000000001e-01	-8.526416552477625267e-04
2.431250000000000078e-01	-8.274152432407942247e-04
2.434369999999999867e-01	-7.996240057120832315e-04
2.437499999999999944e-01	-7.694324411130337021e-04
2.440620000000000012e-01	-7.366574283242835301e-04
2.443750000000000089e-01	-7.015423293500743255e-04
2.446869999999999878e-01	-6.639355252517813513e-04
2.449999999999999956e-01	-6.241896625581851111e-04
2.453120000000000023e-01	-5.821860186587860496e-04
2.456250000000000100e-01	-5.383545257136000423e-04
2.459369999999999890e-01	-4.926147199664973868e-04
2.462499999999999967e-01	-4.454959775530635785e-04
2.465620000000000034e-01	-3.969588762959029094e-04
2.468750000000000111e-01	-3.476018745202075059e-04
2.471869999999999901e-01	-2.974171258882094319e-04
2.474999999999999978e-01	-2.470314620692292198e-04
2.478120000000000045e-01	-1.964097381744601522e-04
2.481250000000000122e-01	-1.461441806190905005e-04
2.484369999999999912e-01	-9.616071770663754345e-05
2.487499999999999989e-01	-4.700296198066481260e-05
2.490620000000000056e-01	1.439956863251628171e-06
2.493750000000000133e-01	4.867182261800157814e-05
2.496869999999999923e-01	9.483288061343297991e-05
2.500000000000000000e-01	1.394919274395717789e-04
2.503119999999999790e-01	1.828166158989547811e-04
2.506249999999999867e-01	2.244278499038167285e-04
2.509370000000000211e-01	2.645162438360366616e-04
2.512499999999999734e-01	3.027767613677202155e-04
2.515620000000000078e-01	3.394225935040952932e-04
2.518750000000000155e-01	3.742032880880091046e-04
2.521869999999999945e-01	4.073526954285811887e-04
2.525000000000000022e-01	4.386959146090873727e-04
2.528119999999999812e-01	4.684795694144735243e-04
2.531249999999999889e-01	4.965604759181533592e-04
2.534370000000000234e-01	5.231725029310237834e-04
2.537499999999999756e-01	5.482035172543451868e-04
2.540620000000000100e-01	5.718658289211082544e-04
2.543750000000000178e-01	5.940546386909692543e-04
2.546869999999999967e-01	6.149622782274245369e-04
2.550000000000000044e-01	6.345082846695912753e-04
2.553119999999999834e-01	6.528656201288040792e-04
2.556249999999999911e-01	6.699598294446808266e-04
2.559370000000000256e-01	6.859463522687511651e-04
2.562499999999999778e-01	7.007713290825574176e-04
2.565620000000000123e-01	7.145732246702266813e-04
2.568750000000000200e-01	7.273029834057552490e-04
2.571869999999999989e-01	7.390837399725475087e-04
2.575000000000000067e-01	7.498836207123315938e-04
2.578119999999999856e-01	7.598109763578651940e-04
2.581249999999999933e-01	7.688376913959960902e-04
2.584369999999999723e-01	7.770587886277066083e-04
2.587499999999999800e-01	7.844602828113816885e-04
2.590620000000000145e-01	7.911243501604027723e-04
2.593750000000000222e-01	7.970397698547191821e-04
2.596870000000000012e-01	8.022771838021942794e-04
2.600000000000000089e-01	8.068368303373275527e-04
2.603119999999999878e-01	8.107782631438805549e-04
2.606249999999999956e-01	8.141036207467822585e-04
2.609369999999999745e-01	8.168625022861090946e-04
2.612499999999999822e-01	8.190661387678267865e-04
2.615620000000000167e-01	8.207545305443474234e-04
2.618750000000000244e-01	8.219400973000294238e-04
2.621870000000000034e-01	8.226542288323336442e-04
2.625000000000000111e-01	8.229164361682349185e-04
2.628119999999999901e-01	8.227498112891711577e-04
2.631249999999999978e-01	8.221744728030042733e-04
2.634369999999999767e-01	8.212062573573104818e-04
2.637499999999999845e-01	8.198713212382812126e-04
2.640620000000000189e-01	8.181792508990746700e-04
2.643750000000000266e-01	8.161574652317375462e-04
2.646870000000000056e-01	8.138102775933453263e-04
2.650000000000000133e-01	8.111704117483039102e-04
2.653119999999999923e-01	8.082371464114695980e-04
2.656250000000000000e-01	8.050441058756510051e-04
2.659369999999999790e-01	8.015861479795320221e-04
2.662499999999999867e-01	7.979009495280227652e-04
2.665620000000000211e-01	7.939791471385111146e-04
2.668749999999999734e-01	7.898589281451158300e-04
2.671870000000000078e-01	7.855272532335708883e-04
2.675000000000000155e-01	7.810252546014511115e-04
2.678119999999999945e-01	7.763364026172650230e-04
2.681250000000000022e-01	7.715020013659081195e-04
2.684369999999999812e-01	7.665024875240852983e-04
2.687499999999999889e-01	7.613811657540915439e-04
2.690620000000000234e-01	7.561155749193482602e-04
2.693749999999999756e-01	7.507489042948288808e-04
2.696870000000000100e-01	7.452562170891100565e-04
2.700000000000000178e-01	7.396818898728978707e-04
2.703119999999999967e-01	7.339986272782634321e-04
2.706250000000000044e-01	7.282504408143079637e-04
2.709369999999999834e-01	7.224080021576199072e-04
2.712499999999999911e-01	7.165158743885869600e-04
2.715620000000000256e-01	7.105427946059579515e-04
2.718749999999999778e-01	7.045327640732352474e-04
2.721870000000000123e-01	6.984527989270806472e-04
2.725000000000000200e-01	6.923469627003584924e-04
2.728119999999999989e-01	6.861806922155206821e-04
2.731250000000000067e-01	6.799973455512337873e-04
2.734369999999999856e-01	6.737608819256826840e-04
2.737499999999999933e-01	6.675143630909591199e-04
2.740619999999999723e-01	6.612203625729532299e-04
2.743749999999999800e-01	6.549211459512478727e-04
2.746870000000000145e-01	6.485779993376035620e-04
2.750000000000000222e-01	6.422326954286959252e-04
2.753120000000000012e-01	6.358452285951332822e-04
2.756250000000000089e-01	6.294565529799212109e-04
2.759369999999999878e-01	6.230254197547636409e-04
2.762499999999999956e-01	6.165922086128621275e-04
2.765619999999999745e-01	6.101144512013133249e-04
2.768749999999999822e-01	6.036317854519002244e-04
2.771870000000000167e-01	5.971007254646575708e-04
2.775000000000000244e-01	5.905611411396692600e-04
2.778120000000000034e-01	5.839692284163319020e-04
2.781250000000000111e-01	5.773651839596841140e-04
2.784369999999999901e-01	5.707049461765571373e-04
2.787499999999999978e-01	5.640295672891800036e-04
2.790619999999999767e-01	5.572947308078274016e-04
2.793749999999999845e-01	5.505419190709104002e-04
2.796870000000000189e-01	5.437265060323754175e-04
2.800000000000000266e-01	5.368909233897564129e-04
2.803120000000000056e-01	5.299902013223658278e-04
2.806250000000000133e-01	5.230672545629317131e-04
2.809369999999999923e-01	5.160767400724675796e-04
2.812500000000000000e-01	5.090625963477540686e-04
2.815619999999999790e-01	5.019790981293052994e-04
2.818749999999999867e-01	4.948706849534983358e-04
2.821870000000000211e-01	4.876912140775866615e-04
2.824999999999999734e-01	4.804862193275223105e-04
2.828120000000000078e-01	4.732091100886587180e-04
2.831250000000000155e-01	4.659059509686163184e-04
2.834369999999999945e-01	4.585297244693998901e-04
2.837500000000000022e-01	4.511275940639146030e-04
2.840619999999999812e-01	4.436521101982776410e-04
2.843749999999999889e-01	4.361509619545327976e-04
2.846870000000000234e-01	4.285762362898160667e-04
2.849999999999999756e-01	4.209767685000405033e-04
2.853120000000000100e-01	4.133042020969384398e-04
2.856250000000000178e-01	4.056078578984099125e-04
2.859369999999999967e-01	3.978389452216587780e-04
2.862500000000000044e-01	3.900479125966996264e-04
2.865619999999999834e-01	3.821855647390740821e-04
2.868749999999999911e-01	3.743028230678661092e-04
2.871870000000000256e-01	3.663500756608669903e-04
2.874999999999999778e-01	3.583793026158215941e-04
2.878120000000000123e-01	3.503405456496216605e-04
2.881250000000000200e-01	3.422862413362246815e-04
2.884369999999999989e-01	3.341660516090843008e-04
2.887500000000000067e-01	3.260333989074467751e-04
2.890619999999999856e-01	3.178376297395956070e-04
2.893749999999999933e-01	3.096325874100813572e-04
2.896869999999999723e-01	3.013673723338860296e-04
2.899999999999999800e-01	2.930966594995113852e-04
2.903120000000000145e-01	2.847692840305748136e-04
2.906250000000000222e-01	2.764403025889796729e-04
2.909370000000000012e-01	2.680582857530204761e-04
2.912500000000000089e-01	2.596787789891617532e-04
2.915619999999999878e-01	2.512499355913778011e-04
2.918749999999999956e-01	2.428273985085262112e-04
2.921869999999999745e-01	2.343589517951566274e-04
2.924999999999999822e-01	2.259004914564562486e-04
2.928120000000000167e-01	2.173994934329886248e-04
2.931250000000000244e-01	2.089118599966644776e-04
2.934370000000000034e-01	2.003847711096271174e-04
2.937500000000000111e-01	1.918742802409651718e-04
2.940619999999999901e-01	1.833273274267708652e-04
2.943749999999999978e-01	1.747999378861351334e-04
2.946869999999999767e-01	1.662388343589426437e-04
2.949999999999999845e-01	1.577001014489654777e-04
2.953120000000000189e-01	1.491302957781360638e-04
2.956250000000000266e-01	1.405854023789255181e-04
2.959370000000000056e-01	1.320118605462484030e-04
2.962500000000000133e-01	1.234656171153939808e-04
2.965619999999999923e-01	1.148929781884966986e-04
2.968750000000000000e-01	1.063497762082454460e-04
2.971869999999999790e-01	9.778225893654770662e-05
2.974999999999999867e-01	8.924611746662528618e-05
2.978120000000000211e-01	8.068753584867999803e-05
2.981249999999999734e-01	7.216207049107730830e-05
2.984370000000000078e-01	6.361589604393613187e-05
2.987500000000000155e-01	5.510438101333485511e-05
2.990619999999999945e-01	4.657366493583696480e-05
2.993750000000000022e-01	3.807893995397523324e-05
2.996869999999999812e-01	2.956639096346184544e-05
2.999999999999999889e-01	2.109095436476210033e-05
3.003120000000000234e-01	1.259881415834178995e-05
3.006249999999999756e-01	4.148143657408786158e-06
3.009370000000000100e-01	-4.316271114631831212e-06
3.012500000000000178e-01	-1.274458074658898707e-05
3.015619999999999967e-01	-2.118984768916163893e-05
3.018750000000000044e-01	-2.959666543802850783e-05
3.021869999999999834e-01	-3.801786527136544788e-05
3.024999999999999911e-01	-4.639945139431008760e-05
3.028120000000000256e-01	-5.479501181696731267e-05
3.031249999999999778e-01	-6.315077664499655437e-05
3.034370000000000123e-01	-7.152027733876445490e-05
3.037500000000000200e-01	-7.985006569582577614e-05
3.040619999999999989e-01	-8.819358449741279173e-05
3.043750000000000067e-01	-9.649758259476611184e-05
3.046869999999999856e-01	-1.048154464183321020e-04
3.049999999999999933e-01	-1.130942594425783269e-04
3.053119999999999723e-01	-1.213873244918801112e-04
3.056249999999999800e-01	-1.296419145345366157e-04
3.059370000000000145e-01	-1.379112860907876989e-04
3.062500000000000222e-01	-1.461430187011068251e-04
3.065620000000000012e-01	-1.543903002004331062e-04
3.068750000000000089e-01	-1.626008823149745219e-04
3.071869999999999878e-01	-1.708279418383002986e-04
3.074999999999999956e-01	-1.790195148865717889e-04
3.078119999999999745e-01	-1.872287342370746268e-04
3.081249999999999822e-01	-1.954037965535000254e-04
3.084370000000000167e-01	-2.035978221791557804e-04
3.087500000000000244e-01	-2.117592445206838690e-04
3.090620000000000034e-01	-2.199411898896985837e-04
3.093750000000000111e-01	-2.280922309534012306e-04
3.096869999999999901e-01	-2.362655364481431653e-04
3.099999999999999978e-01	-2.444098428712245951e-04
3.103119999999999767e-01	-2.525783536249284864e-04
3.106249999999999845e-01	-2.607199289495094603e-04
3.109370000000000189e-01	-2.688878637115952892e-04
3.112500000000000266e-01	-2.770311149375298825e-04
3.115620000000000056e-01	-2.852030816409430159e-04
3.118750000000000133e-01	-2.933527881906054812e-04
3.121869999999999923e-01	-3.015337683844761512e-04
3.125000000000000000e-01	-3.096950821027672071e-04
3.128119999999999790e-01	-3.178904309524104564e-04
3.131249999999999867e-01	-3.260688916243569165e-04
3.134370000000000211e-01	-3.342843846132958151e-04
3.137499999999999734e-01	-3.424859044464496579e-04
3.140620000000000078e-01	-3.507275972703441358e-04
3.143750000000000155e-01	-3.589584764123815918e-04
3.146869999999999945e-01	-3.672329696238322313e-04
3.150000000000000022e-01	-3.754998651273477482e-04
3.153119999999999812e-01	-3.838139149523608299e-04
3.156249999999999889e-01	-3.921238873276849338e-04
3.159370000000000234e-01	-4.004849193879330229e-04
3.162499999999999756e-01	-4.088454015679183150e-04
3.165620000000000100e-01	-4.172608726197539345e-04
3.168750000000000178e-01	-4.256796544421685767e-04
3.171869999999999967e-01	-4.341577684743190210e-04
3.175000000000000044e-01	-4.426430277170585715e-04
3.178119999999999834e-01	-4.511919575835639132e-04
3.181249999999999911e-01	-4.597521978942348654e-04
3.184370000000000256e-01	-4.683806924407553536e-04
3.187499999999999778e-01	-4.770240605620465263e-04
3.190620000000000123e-01	-4.857393586021603420e-04
3.193750000000000200e-01	-4.944724805514555399e-04
3.196869999999999989e-01	-5.032806377808274377e-04
3.200000000000000067e-01	-5.121084016037370790e-04
3.203119999999999856e-01	-5.210131074821901069e-04
3.206249999999999933e-01	-5.299385391117145605e-04
3.209369999999999723e-01	-5.389422221444493651e-04
3.212499999999999800e-01	-5.479665474713922135e-04
3.215620000000000145e-01	-5.570692076584093369e-04
3.218750000000000222e-01	-5.661918214961728047e-04
3.221870000000000012e-01	-5.753922757195536163e-04
3.225000000000000089e-01	-5.846107728393412986e-04
3.228119999999999878e-01	-5.939053627739430876e-04
3.231249999999999956e-01	-6.032155223871641693e-04
3.234369999999999745e-01	-6.125994065899263534e-04
3.237499999999999822e-01	-6.219951768305847584e-04
3.240620000000000167e-01	-6.314611009205860605e-04
3.243750000000000244e-01	-6.409346453980989096e-04
3.246870000000000034e-01	-6.504741096071357115e-04
3.250000000000000111e-01	-6.600157608535109615e-04
3.253119999999999901e-01	-6.696178991775429256e-04
3.256249999999999978e-01	-6.792161896826004203e-04
3.259369999999999767e-01	-6.888688284609407238e-04
3.262499999999999845e-01	-6.985104906723029784e-04
3.265620000000000189e-01	-7.081992145471556086e-04
3.268750000000000266e-01	-7.178691498350451899e-04
3.271870000000000056e-01	-7.275780489838754332e-04
3.275000000000000133e-01	-7.372594052291302907e-04
3.278119999999999923e-01	-7.469706083444334344e-04
3.281250000000000000e-01	-7.566446868328873324e-04
3.284369999999999790e-01	-7.663385167955982661e-04
3.287499999999999867e-01	-7.759848342884963224e-04
3.290620000000000211e-01	-7.856399015720377061e-04
3.293749999999999734e-01	-7.952361592708256412e-04
3.296870000000000078e-01	-8.048290817289648113e-04
3.300000000000000155e-01	-8.143512118281032858e-04
3.303119999999999945e-01	-8.238571284172158766e-04
3.306250000000000022e-01	-8.332792475513647445e-04
3.309369999999999812e-01	-8.426710088286887800e-04
3.312499999999999889e-01	-8.519654491079253203e-04
3.315620000000000234e-01	-8.612147692148056869e-04
3.318749999999999756e-01	-8.703516592492781083e-04
3.321870000000000100e-01	-8.794252707779276175e-04
3.325000000000000178e-01	-8.883660648365206179e-04
3.328119999999999967e-01	-8.972164251274304886e-04
3.331250000000000044e-01	-9.059011011135448092e-04
3.334369999999999834e-01	-9.144540629213776181e-04
3.337499999999999911e-01	-9.227962343273215769e-04
3.340620000000000256e-01	-9.309528671998181133e-04
3.343749999999999778e-01	-9.388394882723070413e-04
3.346870000000000123e-01	-9.464715795887258072e-04
3.350000000000000200e-01	-9.537630073992988886e-04
3.353119999999999989e-01	-9.607189935273534320e-04
3.356250000000000067e-01	-9.672488948667466550e-04
3.359369999999999856e-01	-9.733461086267661527e-04
3.362499999999999933e-01	-9.789215686281506432e-04
3.365619999999999723e-01	-9.839562023913417735e-04
3.368749999999999800e-01	-9.883576314246894819e-04
3.371870000000000145e-01	-9.920922209709487610e-04
3.375000000000000222e-01	-9.950733670571170874e-04
3.378120000000000012e-01	-9.972520413423049176e-04
3.381250000000000089e-01	-9.985399110132499746e-04
3.384369999999999878e-01	-9.988699450257400563e-04
3.387499999999999956e-01	-9.981648096867375315e-04
3.390619999999999745e-01	-9.963384523503200033e-04
3.393749999999999822e-01	-9.933136723103202712e-04
3.396870000000000167e-01	-9.889822776109132192e-04
3.400000000000000244e-01	-9.832842905995137044e-04
3.403120000000000034e-01	-9.760881315340157313e-04
3.406250000000000111e-01	-9.673361556945035775e-04
3.409369999999999901e-01	-9.568697808657337846e-04
3.412499999999999978e-01	-9.446557962891281423e-04
3.415619999999999767e-01	-9.305071693146486867e-04
3.418749999999999845e-01	-9.143955347548592388e-04
3.421870000000000189e-01	-8.961015739409880021e-04
3.425000000000000266e-01	-8.756341941773161794e-04
3.428120000000000056e-01	-8.527586247916290338e-04
3.431250000000000133e-01	-8.275322127846633340e-04
3.434369999999999923e-01	-7.997409752559523407e-04
3.437500000000000000e-01	-7.695494106569028114e-04
3.440619999999999790e-01	-7.367743978681526393e-04
3.443749999999999867e-01	-7.016592988939465789e-04
3.446870000000000211e-01	-6.640524947956533879e-04
3.449999999999999734e-01	-6.243066321020501004e-04
3.453120000000000078e-01	-5.823029882026585198e-04
3.456250000000000155e-01	-5.384714952574685010e-04
3.459369999999999945e-01	-4.927316895103657371e-04
3.462500000000000022e-01	-4.456129470969321456e-04
3.465619999999999812e-01	-3.970758458397713139e-04
3.468749999999999889e-01	-3.477188440640803014e-04
3.471870000000000234e-01	-2.975340954320823358e-04
3.474999999999999756e-01	-2.471484316130930707e-04
3.478120000000000100e-01	-1.965267077183329477e-04
3.481250000000000178e-01	-1.462611501629590676e-04
3.484369999999999967e-01	-9.627768725050611057e-05
3.487500000000000044e-01	-4.711993152453337972e-05
3.490619999999999834e-01	1.322987319383060836e-06
3.493749999999999911e-01	4.855485307412888427e-05
3.496870000000000256e-01	9.471591106956019795e-05
3.499999999999999778e-01	1.393749578957068980e-04
3.503120000000000123e-01	1.826996463550821482e-04
3.506250000000000200e-01	2.243108803599517121e-04
3.509369999999999989e-01	2.643992742921716182e-04
3.512500000000000067e-01	3.026597918238482332e-04
3.515619999999999856e-01	3.393056239602297618e-04
3.518749999999999933e-01	3.740863185441373391e-04
3.521869999999999723e-01	4.072357258847094231e-04
3.524999999999999800e-01	4.385789450652156072e-04
3.528120000000000145e-01	4.683625998706017588e-04
3.531250000000000222e-01	4.964435063742868521e-04
3.534370000000000012e-01	5.230555333871572763e-04
3.537500000000000089e-01	5.480865477104742345e-04
3.540619999999999878e-01	5.717488593772415304e-04
3.543749999999999956e-01	5.939376691470984104e-04
3.546869999999999745e-01	6.148453086835539098e-04
3.549999999999999822e-01	6.343913151257206482e-04
3.553120000000000167e-01	6.527486505849333437e-04
3.556250000000000244e-01	6.698428599008133437e-04
3.559370000000000034e-01	6.858293827248837906e-04
3.562500000000000111e-01	7.006543595386873326e-04
3.565619999999999901e-01	7.144562551263589816e-04
3.568749999999999978e-01	7.271860138618853808e-04
3.571869999999999767e-01	7.389667704286776405e-04
3.574999999999999845e-01	7.497666511684615087e-04
3.578120000000000189e-01	7.596940068139951090e-04
3.581250000000000266e-01	7.687207218521271979e-04
3.584370000000000056e-01	7.769418190838377159e-04
3.587500000000000133e-01	7.843433132675131213e-04
3.590619999999999923e-01	7.910073806165342052e-04
3.593750000000000000e-01	7.969228003108496392e-04
3.596869999999999790e-01	8.021602142583246281e-04
3.599999999999999867e-01	8.067198607934579014e-04
3.603120000000000211e-01	8.106612936000109036e-04
3.606249999999999734e-01	8.139866512029122819e-04
3.609370000000000078e-01	8.167455327422389012e-04
3.612500000000000155e-01	8.189491692239568100e-04
3.615619999999999945e-01	8.206375610004774468e-04
3.618750000000000022e-01	8.218231277561595556e-04
3.621869999999999812e-01	8.225372592884637761e-04
3.624999999999999889e-01	8.227994666243649419e-04
3.628120000000000234e-01	8.226328417453011811e-04
3.631249999999999756e-01	8.220575032591339714e-04
3.634370000000000100e-01	8.210892878134406136e-04
3.637500000000000178e-01	8.197543516944110192e-04
3.640619999999999967e-01	8.180622813552044766e-04
3.643750000000000044e-01	8.160404956878676780e-04
3.646869999999999834e-01	8.136933080494754581e-04
3.649999999999999911e-01	8.110534422044340420e-04
3.653120000000000256e-01	8.081201768675996214e-04
3.656249999999999778e-01	8.049271363317811370e-04
3.659370000000000123e-01	8.014691784356626960e-04
3.662500000000000200e-01	7.977839799841528971e-04
3.665619999999999989e-01	7.938621775946411380e-04
3.668750000000000067e-01	7.897419586012466124e-04
3.671869999999999856e-01	7.854102836897010201e-04
3.674999999999999933e-01	7.809082850575822191e-04
3.678119999999999723e-01	7.762194330733961306e-04
3.681249999999999800e-01	7.713850318220384682e-04
3.684370000000000145e-01	7.663855179802156470e-04
3.687500000000000222e-01	7.612641962102209168e-04
3.690620000000000012e-01	7.559986053754777415e-04
3.693750000000000089e-01	7.506319347509593379e-04
3.696869999999999878e-01	7.451392475452395378e-04
3.699999999999999956e-01	7.395649203290287615e-04
3.703119999999999745e-01	7.338816577343942145e-04
3.706249999999999822e-01	7.281334712704387460e-04
3.709370000000000167e-01	7.222910326137510148e-04
3.712500000000000244e-01	7.163989048447169834e-04
3.715620000000000034e-01	7.104258250620878665e-04
3.718750000000000111e-01	7.044157945293664635e-04
3.721869999999999901e-01	6.983358293832108874e-04
3.724999999999999978e-01	6.922299931564893831e-04
3.728119999999999767e-01	6.860637226716520065e-04
3.731249999999999845e-01	6.798803760073648950e-04
3.734370000000000189e-01	6.736439123818136832e-04
3.737500000000000266e-01	6.673973935470889265e-04
3.740620000000000056e-01	6.611033930290831449e-04
3.743750000000000133e-01	6.548041764073777877e-04
3.746869999999999923e-01	6.484610297937335854e-04
3.750000000000000000e-01	6.421157258848271413e-04
3.753119999999999790e-01	6.357282590512647151e-04
3.756249999999999867e-01	6.293395834360518849e-04
3.759370000000000211e-01	6.229084502108943149e-04
3.762499999999999734e-01	6.164752390689918257e-04
3.765620000000000078e-01	6.099974816574441072e-04
3.768750000000000155e-01	6.035148159080298141e-04
3.771869999999999945e-01	5.969837559207870521e-04
3.775000000000000022e-01	5.904441715958000424e-04
3.778119999999999812e-01	5.838522588724630097e-04
3.781249999999999889e-01	5.772482144158152216e-04
3.784370000000000234e-01	5.705879766326882449e-04
3.787499999999999756e-01	5.639125977453101355e-04
3.790620000000000100e-01	5.571777612639585093e-04
3.793750000000000178e-01	5.504249495270402068e-04
3.796869999999999967e-01	5.436095364885053325e-04
3.800000000000000044e-01	5.367739538458875205e-04
3.803119999999999834e-01	5.298732317784965017e-04
3.806249999999999911e-01	5.229502850190631460e-04
3.809370000000000256e-01	5.159597705285992294e-04
3.812499999999999778e-01	5.089456268038844173e-04
3.815620000000000123e-01	5.018621285854368407e-04
3.818750000000000200e-01	4.947537154096286844e-04
3.821869999999999989e-01	4.875742445337170102e-04
3.825000000000000067e-01	4.803692497836540144e-04
3.828119999999999856e-01	4.730921405447890125e-04
3.831249999999999933e-01	4.657889814247478054e-04
3.834369999999999723e-01	4.584127549255314314e-04
3.837499999999999800e-01	4.510106245200461443e-04
3.840620000000000145e-01	4.435351406544090196e-04
3.843750000000000222e-01	4.360339924106628210e-04
3.846870000000000012e-01	4.284592667459462528e-04
3.850000000000000089e-01	4.208597989561718277e-04
3.853119999999999878e-01	4.131872325530684632e-04
3.856249999999999956e-01	4.054908883545412369e-04
3.859369999999999745e-01	3.977219756777901024e-04
3.862499999999999822e-01	3.899309430528310051e-04
3.865620000000000167e-01	3.820685951952054607e-04
3.868750000000000244e-01	3.741858535239959700e-04
3.871870000000000034e-01	3.662331061169967969e-04
3.875000000000000111e-01	3.582623330719529185e-04
3.878119999999999901e-01	3.502235761057514670e-04
3.881249999999999978e-01	3.421692717923561686e-04
3.884369999999999767e-01	3.340490820652158421e-04
3.887499999999999845e-01	3.259164293635783164e-04
3.890620000000000189e-01	3.177206601957271483e-04
3.893750000000000266e-01	3.095156178662114891e-04
3.896870000000000056e-01	3.012504027900160530e-04
3.900000000000000133e-01	2.929796899556413544e-04
3.903119999999999923e-01	2.846523144867047828e-04
3.906250000000000000e-01	2.763233330451116479e-04
3.909369999999999790e-01	2.679413162091524511e-04
3.912499999999999867e-01	2.595618094452936740e-04
3.915620000000000211e-01	2.511329660475099387e-04
3.918749999999999734e-01	2.427104289646568039e-04
3.921870000000000078e-01	2.342419822512887379e-04
3.925000000000000155e-01	2.257835219125868412e-04
3.928119999999999945e-01	2.172825238891193801e-04
3.931250000000000022e-01	2.087948904527966694e-04
3.934369999999999812e-01	2.002678015657593093e-04
3.937499999999999889e-01	1.917573106970975262e-04
3.940620000000000234e-01	1.832103578829031383e-04
3.943749999999999756e-01	1.746829683422658887e-04
3.946870000000000100e-01	1.661218648150748355e-04
3.950000000000000178e-01	1.575831319050963143e-04
3.953119999999999967e-01	1.490133262342667377e-04
3.956250000000000044e-01	1.404684328350566257e-04
3.959369999999999834e-01	1.318948910023795106e-04
3.962499999999999911e-01	1.233486475715250613e-04
3.965620000000000256e-01	1.147760086446278062e-04
3.968749999999999778e-01	1.062328066643750222e-04
3.971870000000000123e-01	9.766528939267880068e-05
3.975000000000000200e-01	8.912914792275486236e-05
3.978119999999999989e-01	8.057056630480957421e-05
3.981250000000000067e-01	7.204510094720857855e-05
3.984369999999999856e-01	6.349892650006588423e-05
3.987499999999999933e-01	5.498741146946611858e-05
3.990619999999999723e-01	4.645669539196831637e-05
3.993749999999999800e-01	3.796197041010649671e-05
3.996870000000000145e-01	2.944942141959310891e-05
4.000000000000000222e-01	2.097398482089176460e-05
4.003120000000000012e-01	1.248184461447145422e-05
4.006250000000000089e-01	4.031174113540219034e-06
4.009369999999999878e-01	-4.433240658501914524e-06
4.012499999999999956e-01	-1.286155029045755419e-05
4.015619999999999745e-01	-2.130681723303020606e-05
4.018749999999999822e-01	-2.971363498189707496e-05
4.021870000000000167e-01	-3.813483481523409632e-05
4.025000000000000244e-01	-4.651642093818017260e-05
4.028120000000000034e-01	-5.491198136083731636e-05
4.031250000000000111e-01	-6.326774618886520281e-05
4.034369999999999901e-01	-7.163724688263462123e-05
4.037499999999999978e-01	-7.996703523969451945e-05
4.040619999999999767e-01	-8.831055404128135885e-05
4.043749999999999845e-01	-9.661455213863467896e-05
4.046870000000000189e-01	-1.049324159622006691e-04
4.050000000000000266e-01	-1.132112289864484932e-04
4.053120000000000056e-01	-1.215042940357502775e-04
4.056250000000000133e-01	-1.297588840784070531e-04
4.059369999999999923e-01	-1.380282556346580278e-04
4.062500000000000000e-01	-1.462599882449756362e-04
4.065619999999999790e-01	-1.545072697443019985e-04
4.068749999999999867e-01	-1.627178518588434143e-04
4.071870000000000211e-01	-1.709449113821691368e-04
4.074999999999999734e-01	-1.791364844304421178e-04
4.078120000000000078e-01	-1.873457037809435192e-04
4.081250000000000155e-01	-1.955207660973706254e-04
4.084369999999999945e-01	-2.037147917230261907e-04
4.087500000000000022e-01	-2.118762140645529240e-04
4.090619999999999812e-01	-2.200581594335676388e-04
4.093749999999999889e-01	-2.282092004972703127e-04
4.096870000000000234e-01	-2.363825059920122474e-04
4.099999999999999756e-01	-2.445268124150950053e-04
4.103120000000000100e-01	-2.526953231687975414e-04
4.106250000000000178e-01	-2.608368984933795995e-04
4.109369999999999967e-01	-2.690048332554654284e-04
4.112500000000000044e-01	-2.771480844813987206e-04
4.115619999999999834e-01	-2.853200511848117999e-04
4.118749999999999911e-01	-2.934697577344742652e-04
4.121870000000000256e-01	-3.016507379283449894e-04
4.124999999999999778e-01	-3.098120516466374005e-04
4.128120000000000123e-01	-3.180074004962792945e-04
4.131250000000000200e-01	-3.261858611682271099e-04
4.134369999999999989e-01	-3.344013541571660086e-04
4.137500000000000067e-01	-3.426028739903183335e-04
4.140619999999999856e-01	-3.508445668142141124e-04
4.143749999999999933e-01	-3.590754459562503758e-04
4.146869999999999723e-01	-3.673499391677009069e-04
4.149999999999999800e-01	-3.756168346712163695e-04
4.153120000000000145e-01	-3.839308844962294512e-04
4.156250000000000222e-01	-3.922408568715549646e-04
4.159370000000000012e-01	-4.006018889318028911e-04
4.162500000000000089e-01	-4.089623711117866111e-04
4.165619999999999878e-01	-4.173778421636239653e-04
4.168749999999999956e-01	-4.257966239860370354e-04
4.171869999999999745e-01	-4.342747380181874797e-04
4.174999999999999822e-01	-4.427599972609272470e-04
4.178120000000000167e-01	-4.513089271274325345e-04
4.181250000000000244e-01	-4.598691674381050589e-04
4.184370000000000034e-01	-4.684976619846255470e-04
4.187500000000000111e-01	-4.771410301059151476e-04
4.190619999999999901e-01	-4.858563281460305354e-04
4.193749999999999978e-01	-4.945894500953241070e-04
4.196869999999999767e-01	-5.033976073246960049e-04
4.199999999999999845e-01	-5.122253711476059714e-04
4.203120000000000189e-01	-5.211300770260589993e-04
4.206250000000000266e-01	-5.300555086555839950e-04
4.209370000000000056e-01	-5.390591916883191248e-04
4.212500000000000133e-01	-5.480835170152618648e-04
4.215619999999999923e-01	-5.571861772022790966e-04
4.218750000000000000e-01	-5.663087910400408298e-04
4.221869999999999790e-01	-5.755092452634217497e-04
4.224999999999999867e-01	-5.847277423832091068e-04
4.228120000000000211e-01	-5.940223323178112210e-04
4.231249999999999734e-01	-6.033324919310338206e-04
4.234370000000000078e-01	-6.127163761337941616e-04
4.237500000000000155e-01	-6.221121463744544097e-04
4.240619999999999945e-01	-6.315780704644554950e-04
4.243750000000000022e-01	-6.410516149419667178e-04
4.246869999999999812e-01	-6.505910791510035197e-04
4.249999999999999889e-01	-6.601327303973787697e-04
4.253120000000000234e-01	-6.697348687214107338e-04
4.256249999999999756e-01	-6.793331592264698548e-04
4.259370000000000100e-01	-6.889857980048084236e-04
4.262500000000000178e-01	-6.986274602161724129e-04
4.265619999999999967e-01	-7.083161840910249347e-04
4.268750000000000044e-01	-7.179861193789127813e-04
4.271869999999999834e-01	-7.276950185277430245e-04
4.274999999999999911e-01	-7.373763747729979905e-04
4.278120000000000256e-01	-7.470875778883009173e-04
4.281249999999999778e-01	-7.567616563767575258e-04
4.284370000000000123e-01	-7.664554863394667248e-04
4.287500000000000200e-01	-7.761018038323664074e-04
4.290619999999999989e-01	-7.857568711159074659e-04
4.293750000000000067e-01	-7.953531288146939915e-04
4.296869999999999856e-01	-8.049460512728348963e-04
4.299999999999999933e-01	-8.144681813719713108e-04
4.303119999999999723e-01	-8.239740979610839016e-04
4.306249999999999800e-01	-8.333962170952329863e-04
4.309370000000000145e-01	-8.427879783725573471e-04
4.312500000000000222e-01	-8.520824186517951884e-04
4.315620000000000012e-01	-8.613317387586759888e-04
4.318750000000000089e-01	-8.704686287931466754e-04
4.321869999999999878e-01	-8.795422403217979194e-04
4.324999999999999956e-01	-8.884830343803888598e-04
4.328119999999999745e-01	-8.973333946712990557e-04
4.331249999999999822e-01	-9.060180706574133764e-04
4.334370000000000167e-01	-9.145710324652461852e-04
4.337500000000000244e-01	-9.229132038711918787e-04
4.340620000000000034e-01	-9.310698367436884152e-04
4.343750000000000111e-01	-9.389564578161759337e-04
4.346869999999999901e-01	-9.465885491325956753e-04
4.349999999999999978e-01	-9.538799769431677809e-04
4.353119999999999767e-01	-9.608359630712223244e-04
4.356249999999999845e-01	-9.673658644106154390e-04
4.359370000000000189e-01	-9.734630781706345029e-04
4.362500000000000266e-01	-9.790385381720199693e-04
4.365620000000000056e-01	-9.840731719352110995e-04
4.368750000000000133e-01	-9.884746009685588079e-04
4.371869999999999923e-01	-9.922091905148180870e-04
4.375000000000000000e-01	-9.951903366009861966e-04
4.378119999999999790e-01	-9.973690108861735931e-04
4.381249999999999867e-01	-9.986568805571197343e-04
4.384370000000000211e-01	-9.989869145696098161e-04
4.387499999999999734e-01	-9.982817792306072913e-04
4.390620000000000078e-01	-9.964554218941897631e-04
4.393750000000000155e-01	-9.934306418541895972e-04
4.396869999999999945e-01	-9.890992471547823284e-04
4.400000000000000022e-01	-9.834012601433841146e-04
4.403119999999999812e-01	-9.762051010778861415e-04
4.406249999999999889e-01	-9.674531252383733373e-04
4.409370000000000234e-01	-9.569867504096034360e-04
4.412499999999999756e-01	-9.447727658329955168e-04
4.415620000000000100e-01	-9.306241388585184465e-04
4.418750000000000178e-01	-9.145125042987266133e-04
4.421869999999999967e-01	-8.962185434848555935e-04
4.425000000000000044e-01	-8.757511637211873486e-04
4.428119999999999834e-01	-8.528755943355002030e-04
4.431249999999999911e-01	-8.276491823285340695e-04
4.434370000000000256e-01	-7.998579447998230762e-04
4.437499999999999778e-01	-7.696663802007681259e-04
4.440620000000000123e-01	-7.368913674120239170e-04
4.443750000000000200e-01	-7.017762684378114598e-04
4.446869999999999989e-01	-6.641694643395184856e-04
4.450000000000000067e-01	-6.244236016459222454e-04
4.453119999999999856e-01	-5.824199577465231838e-04
4.456249999999999933e-01	-5.385884648013414050e-04
4.459369999999999723e-01	-4.928486590542386411e-04
4.462499999999999800e-01	-4.457299166408050495e-04
4.465620000000000145e-01	-3.971928153836443262e-04
4.468750000000000222e-01	-3.478358136079444775e-04
4.471870000000000012e-01	-2.976510649759464577e-04
4.475000000000000089e-01	-2.472654011569661915e-04
4.478119999999999878e-01	-1.966436772621971238e-04
4.481249999999999956e-01	-1.463781197068321884e-04
4.484369999999999745e-01	-9.639465679437921779e-05
4.487499999999999822e-01	-4.723690106840649372e-05
4.490620000000000167e-01	1.206017775509943875e-06
4.493750000000000244e-01	4.843788353026419317e-05
4.496870000000000034e-01	9.459894152569550685e-05
4.500000000000000111e-01	1.392579883518342923e-04
4.503119999999999901e-01	1.825826768112172945e-04
4.506249999999999978e-01	2.241939108160797569e-04
4.509369999999999767e-01	2.642823047482996900e-04
4.512499999999999845e-01	3.025428222799761424e-04
4.515620000000000189e-01	3.391886544163578336e-04
4.518750000000000266e-01	3.739693490002714824e-04
4.521870000000000056e-01	4.071187563408437292e-04
4.525000000000000133e-01	4.384619755213499132e-04
4.528119999999999923e-01	4.682456303267359021e-04
4.531250000000000000e-01	4.963265368304158997e-04
4.534369999999999790e-01	5.229385638432863239e-04
4.537499999999999867e-01	5.479695781666031737e-04
4.540620000000000211e-01	5.716318898333702528e-04
4.543749999999999734e-01	5.938206996032315780e-04
4.546870000000000078e-01	6.147283391396830658e-04
4.550000000000000155e-01	6.342743455818530569e-04
4.553119999999999945e-01	6.526316810410660776e-04
4.556250000000000022e-01	6.697258903569433671e-04
4.559369999999999812e-01	6.857124131810138140e-04
4.562499999999999889e-01	7.005373899948173560e-04
4.565620000000000234e-01	7.143392855824891134e-04
4.568749999999999756e-01	7.270690443180174642e-04
4.571870000000000100e-01	7.388498008848076639e-04
4.575000000000000178e-01	7.496496816245935921e-04
4.578119999999999967e-01	7.595770372701271924e-04
4.581250000000000044e-01	7.686037523082585223e-04
4.584369999999999834e-01	7.768248495399690404e-04
4.587499999999999911e-01	7.842263437236444458e-04
4.590620000000000256e-01	7.908904110726654212e-04
4.593749999999999778e-01	7.968058307669818310e-04
4.596870000000000123e-01	8.020432447144562778e-04
4.600000000000000200e-01	8.066028912495902016e-04
4.603119999999999989e-01	8.105443240561432039e-04
4.606250000000000067e-01	8.138696816590433895e-04
4.609369999999999856e-01	8.166285631983703341e-04
4.612499999999999933e-01	8.188321996800879176e-04
4.615619999999999723e-01	8.205205914566085544e-04
4.618749999999999800e-01	8.217061582122905548e-04
4.621870000000000145e-01	8.224202897445948837e-04
4.625000000000000222e-01	8.226824970804960495e-04
4.628120000000000012e-01	8.225158722014322887e-04
4.631250000000000089e-01	8.219405337152654043e-04
4.634369999999999878e-01	8.209723182695716128e-04
4.637499999999999956e-01	8.196373821505424520e-04
4.640619999999999745e-01	8.179453118113359095e-04
4.643749999999999822e-01	8.159235261439991109e-04
4.646870000000000167e-01	8.135763385056068910e-04
4.650000000000000244e-01	8.109364726605648244e-04
4.653120000000000034e-01	8.080032073237304038e-04
4.656250000000000111e-01	8.048101667879130035e-04
4.659369999999999901e-01	8.013522088917940205e-04
4.662499999999999978e-01	7.976670104402847636e-04
4.665619999999999767e-01	7.937452080507731130e-04
4.668749999999999845e-01	7.896249890573784789e-04
4.671870000000000189e-01	7.852933141458328867e-04
4.675000000000000266e-01	7.807913155137131099e-04
4.678120000000000056e-01	7.761024635295270214e-04
4.681250000000000133e-01	7.712680622781697927e-04
4.684369999999999923e-01	7.662685484363469714e-04
4.687500000000000000e-01	7.611472266663532171e-04
4.690619999999999790e-01	7.558816358316099333e-04
4.693749999999999867e-01	7.505149652070915297e-04
4.696870000000000211e-01	7.450222780013717296e-04
4.699999999999999734e-01	7.394479507851598691e-04
4.703120000000000078e-01	7.337646881905264063e-04
4.706250000000000155e-01	7.280165017265698537e-04
4.709369999999999945e-01	7.221740630698821224e-04
4.712500000000000022e-01	7.162819353008490668e-04
4.715619999999999812e-01	7.103088555182198414e-04
4.718749999999999889e-01	7.042988249854984385e-04
4.721870000000000234e-01	6.982188598393428624e-04
4.724999999999999756e-01	6.921130236126203823e-04
4.728120000000000100e-01	6.859467531277838731e-04
4.731250000000000178e-01	6.797634064634960026e-04
4.734369999999999967e-01	6.735269428379447908e-04
4.737500000000000044e-01	6.672804240032213351e-04
4.740619999999999834e-01	6.609864234852153367e-04
4.743749999999999911e-01	6.546872068635100879e-04
4.746870000000000256e-01	6.483440602498657772e-04
4.749999999999999778e-01	6.419987563409584657e-04
4.753120000000000123e-01	6.356112895073967985e-04
4.756250000000000200e-01	6.292226138921829925e-04
4.759369999999999989e-01	6.227914806670257477e-04
4.762500000000000067e-01	6.163582695251239090e-04
4.765619999999999856e-01	6.098805121135755401e-04
4.768749999999999933e-01	6.033978463641624396e-04
4.771869999999999723e-01	5.968667863769193524e-04
4.774999999999999800e-01	5.903272020519321258e-04
4.778120000000000145e-01	5.837352893285955267e-04
4.781250000000000222e-01	5.771312448719463292e-04
4.784370000000000012e-01	5.704710070888193525e-04
4.787500000000000089e-01	5.637956282014422189e-04
4.790619999999999878e-01	5.570607917200896169e-04
4.793749999999999956e-01	5.503079799831726154e-04
4.796869999999999745e-01	5.434925669446376327e-04
4.799999999999999822e-01	5.366569843020196039e-04
4.803120000000000167e-01	5.297562622346290188e-04
4.806250000000000244e-01	5.228333154751934947e-04
4.809370000000000034e-01	5.158428009847294696e-04
4.812500000000000111e-01	5.088286572600159586e-04
4.815619999999999901e-01	5.017451590415671894e-04
4.818749999999999978e-01	4.946367458657600089e-04
4.821869999999999767e-01	4.874572749898485515e-04
4.824999999999999845e-01	4.802522802397855557e-04
4.828120000000000189e-01	4.729751710009205538e-04
4.831250000000000266e-01	4.656720118808781541e-04
4.834370000000000056e-01	4.582957853816617801e-04
4.837500000000000133e-01	4.508936549761764930e-04
4.840619999999999923e-01	4.434181711105395309e-04
4.843750000000000000e-01	4.359170228667944708e-04
4.846869999999999790e-01	4.283422972020779025e-04
4.849999999999999867e-01	4.207428294123036943e-04
4.853120000000000211e-01	4.130702630092002755e-04
4.856249999999999734e-01	4.053739188106709351e-04
4.859370000000000078e-01	3.976050061339212642e-04
4.862500000000000155e-01	3.898139735089608117e-04
4.865619999999999945e-01	3.819516256513351047e-04
4.868750000000000022e-01	3.740688839801271318e-04
4.871869999999999812e-01	3.661161365731280129e-04
4.874999999999999889e-01	3.581453635280840804e-04
4.878120000000000234e-01	3.501066065618826831e-04
4.881249999999999756e-01	3.420523022484858668e-04
4.884370000000000100e-01	3.339321125213468413e-04
4.887500000000000178e-01	3.257994598197077978e-04
4.890619999999999967e-01	3.176036906518567922e-04
4.893750000000000044e-01	3.093986483223424883e-04
4.896869999999999834e-01	3.011334332461470522e-04
4.899999999999999911e-01	2.928627204117723536e-04
4.903120000000000256e-01	2.845353449428358363e-04
4.906249999999999778e-01	2.762063635012406955e-04
4.909370000000000123e-01	2.678243466652830166e-04
4.912500000000000200e-01	2.594448399014227758e-04
4.915619999999999989e-01	2.510159965036389863e-04
4.918750000000000067e-01	2.425934594207872338e-04
4.921869999999999856e-01	2.341250127074178127e-04
4.924999999999999933e-01	2.256665523687174338e-04
4.928119999999999723e-01	2.171655543452498101e-04
4.931249999999999800e-01	2.086779209089269368e-04
4.934370000000000145e-01	2.001508320218895495e-04
4.937500000000000222e-01	1.916403411532260860e-04
4.940620000000000012e-01	1.830933883390318878e-04
4.943750000000000089e-01	1.745659987983961560e-04
4.946869999999999878e-01	1.660048952712035850e-04
4.949999999999999956e-01	1.574661623612264190e-04
4.953119999999999745e-01	1.488963566903969780e-04
4.956249999999999822e-01	1.403514632911885736e-04
4.959370000000000167e-01	1.317779214585114585e-04
4.962500000000000244e-01	1.232316780276554100e-04
4.965620000000000034e-01	1.146590391007582227e-04
4.968750000000000111e-01	1.061158371205069565e-04
4.971869999999999901e-01	9.754831984880921712e-05
4.974999999999999978e-01	8.901217837888671536e-05
4.978119999999999767e-01	8.045359676094150853e-05
4.981249999999999845e-01	7.192813140334051287e-05
4.984370000000000189e-01	6.338195695619789987e-05
4.987500000000000266e-01	5.487044192559654179e-05
4.990620000000000056e-01	4.633972584809882089e-05
4.993750000000000133e-01	3.784500086623691993e-05
4.996869999999999923e-01	2.933245187572353213e-05
5.000000000000000000e-01	2.085701527702378701e-05
