# T 	 Position
6.250000000000000130e-04	0.000000000000000000e+00
9.374999999999999653e-04	7.069882440071719994e-05
1.250000000000000026e-03	2.827020427644178594e-05
1.562500000000000087e-03	-1.411536319741540169e-05
1.874999999999999931e-03	-5.645212730581654456e-05
2.187500000000000208e-03	-9.873651327995430402e-05
2.500000000000000052e-03	-1.409655680499444610e-04
2.812499999999999896e-03	-1.831369602448256601e-04
3.125000000000000173e-03	-2.252491356172904395e-04
3.437500000000000017e-03	-2.673011616189543385e-04
3.749999999999999861e-03	-3.092919502767019495e-04
4.062500000000000139e-03	-3.512207244668796228e-04
4.375000000000000416e-03	-3.930865516411028706e-04
4.687499999999999827e-03	-4.348892763746409359e-04
5.000000000000000104e-03	-4.766292095169551699e-04
5.312500000000000382e-03	-5.183065064927764925e-04
5.624999999999999792e-03	-5.599211673021047952e-04
5.937500000000000069e-03	-6.014736582191323490e-04
6.250000000000000347e-03	-6.429650672169746157e-04
6.562499999999999757e-03	-6.843964822687466235e-04
6.875000000000000035e-03	-7.257691467722944285e-04
7.187500000000000312e-03	-7.670846149749254925e-04
7.499999999999999722e-03	-8.083449073981399278e-04
7.812500000000000000e-03	-8.495521999881676823e-04
8.125000000000000278e-03	-8.907086686912398963e-04
8.437500000000000555e-03	-9.318168003030481402e-04
8.750000000000000833e-03	-9.728795478934768514e-04
9.062499999999999375e-03	-1.013900175381872090e-03
9.374999999999999653e-03	-1.054881791262848130e-03
9.687499999999999931e-03	-1.095827814880482491e-03
1.000000000000000021e-02	-1.136742287277773883e-03
1.031250000000000049e-02	-1.177629094072991716e-03
1.062500000000000076e-02	-1.218492431733865945e-03
1.093749999999999931e-02	-1.259336963002319169e-03
1.124999999999999958e-02	-1.300167350620273776e-03
1.156249999999999986e-02	-1.340988412754383612e-03
1.187500000000000014e-02	-1.381805433845493874e-03
1.218750000000000042e-02	-1.422624009183911598e-03
1.250000000000000069e-02	-1.463449734059943819e-03
1.281249999999999924e-02	-1.504288514613359414e-03
1.312499999999999951e-02	-1.545146567833388012e-03
1.343749999999999979e-02	-1.586030266133990705e-03
1.375000000000000007e-02	-1.626946137353858964e-03
1.406250000000000035e-02	-1.667901020181146096e-03
1.437500000000000062e-02	-1.708902219578196978e-03
1.468749999999999917e-02	-1.749957040507357352e-03
1.499999999999999944e-02	-1.791072787930972311e-03
1.531249999999999972e-02	-1.832257388510310624e-03
1.562500000000000000e-02	-1.873519235180832413e-03
1.593750000000000028e-02	-1.914866410028536825e-03
1.625000000000000056e-02	-1.956307150564154038e-03
1.656250000000000083e-02	-1.997850315997336604e-03
1.687500000000000111e-02	-2.039505387236660323e-03
1.718750000000000139e-02	-2.081281534341240021e-03
1.750000000000000167e-02	-2.123187771945458848e-03
1.781249999999999847e-02	-2.165233736382623196e-03
1.812499999999999875e-02	-2.207429841109693949e-03
1.843749999999999903e-02	-2.249786033309438688e-03
1.874999999999999931e-02	-2.292311638465703485e-03
1.906249999999999958e-02	-2.335016448336524678e-03
1.937499999999999986e-02	-2.377910254679940338e-03
1.968750000000000014e-02	-2.421001916705602802e-03
2.000000000000000042e-02	-2.464299050225319219e-03
2.031250000000000069e-02	-2.507809115626165493e-03
2.062500000000000097e-02	-2.551539573295217959e-03
2.093750000000000125e-02	-2.595496329372245278e-03
2.125000000000000153e-02	-2.639683580324977182e-03
2.156249999999999833e-02	-2.684105211771682653e-03
2.187499999999999861e-02	-2.728764953905899425e-03
2.218749999999999889e-02	-2.773664516399666855e-03
2.249999999999999917e-02	-2.818803743828253699e-03
2.281249999999999944e-02	-2.864182325342197900e-03
2.312499999999999972e-02	-2.909799483817845835e-03
2.343750000000000000e-02	-2.955652421610044205e-03
2.375000000000000028e-02	-3.001736631401601650e-03
2.406250000000000056e-02	-3.048046984176402702e-03
2.437500000000000083e-02	-3.094578040068871570e-03
2.468750000000000111e-02	-3.141322649541393539e-03
2.500000000000000139e-02	-3.188271797959584593e-03
2.531250000000000167e-02	-3.235416004414869151e-03
2.562499999999999847e-02	-3.282745166299748819e-03
2.593749999999999875e-02	-3.330247471334684545e-03
2.624999999999999903e-02	-3.377909397568103992e-03
2.656249999999999931e-02	-3.425716956774237185e-03
2.687499999999999958e-02	-3.473655383603663563e-03
2.718749999999999986e-02	-3.521708358459654017e-03
2.750000000000000014e-02	-3.569858162922902572e-03
2.781250000000000042e-02	-3.618086301450450064e-03
2.812500000000000069e-02	-3.666373035101489972e-03
2.843750000000000097e-02	-3.714697536962103565e-03
2.875000000000000125e-02	-3.763037892145253398e-03
2.906250000000000153e-02	-3.811370942366058574e-03
2.937499999999999833e-02	-3.859672441366520778e-03
2.968749999999999861e-02	-3.907917054915527322e-03
2.999999999999999889e-02	-3.956078360808851571e-03
3.031249999999999917e-02	-4.004129004293880724e-03
3.062499999999999944e-02	-4.052039765521233544e-03
3.093749999999999972e-02	-4.099780647517874306e-03
3.125000000000000000e-02	-4.147321187036576151e-03
3.156250000000000028e-02	-4.194629522007534486e-03
3.187500000000000056e-02	-4.241671148140522228e-03
3.218750000000000083e-02	-4.288409696048545161e-03
3.250000000000000111e-02	-4.334805843274721487e-03
3.281250000000000139e-02	-4.380813428674018052e-03
3.312500000000000167e-02	-4.426377121042287741e-03
3.343750000000000194e-02	-4.471433973363574989e-03
3.375000000000000222e-02	-4.515912645686466498e-03
3.406250000000000250e-02	-4.559729364081086672e-03
3.437500000000000278e-02	-4.602784656719753620e-03
3.468750000000000305e-02	-4.644968016618902622e-03
3.500000000000000333e-02	-4.686157901639086132e-03
3.531249999999999667e-02	-4.726215517495743063e-03
3.562499999999999695e-02	-4.764981709264582560e-03
3.593749999999999722e-02	-4.802285198892318301e-03
3.624999999999999750e-02	-4.837943362320315174e-03
3.656249999999999778e-02	-4.871753370274942152e-03
3.687499999999999806e-02	-4.903488100597153121e-03
3.718749999999999833e-02	-4.932910017670938049e-03
3.749999999999999861e-02	-4.959772664500745540e-03
3.781249999999999889e-02	-4.983806752198075007e-03
3.812499999999999917e-02	-5.004715030965362944e-03
3.843749999999999944e-02	-5.022193101467431996e-03
3.874999999999999972e-02	-5.035931264385785401e-03
3.906250000000000000e-02	-5.045593677962216875e-03
3.937500000000000028e-02	-5.050811987139089757e-03
3.968750000000000056e-02	-5.051214729918402681e-03
4.000000000000000083e-02	-5.046429580140650642e-03
4.031250000000000111e-02	-5.036053875847381137e-03
4.062500000000000139e-02	-5.019646945962234763e-03
4.093750000000000167e-02	-4.996769855503094444e-03
4.125000000000000194e-02	-4.966988083550200050e-03
4.156250000000000222e-02	-4.929831625717755357e-03
4.187500000000000250e-02	-4.884785963977081313e-03
4.218750000000000278e-02	-4.831344569130657102e-03
4.250000000000000305e-02	-4.769015988179846691e-03
4.281250000000000333e-02	-4.697284832717476058e-03
4.312499999999999667e-02	-4.615621104411682732e-03
4.343749999999999695e-02	-4.523563813511057539e-03
4.374999999999999722e-02	-4.420740873210177169e-03
4.406249999999999750e-02	-4.306819830009966064e-03
4.437499999999999778e-02	-4.181516256653147225e-03
4.468749999999999806e-02	-4.044680634548739225e-03
4.499999999999999833e-02	-3.896311254024703141e-03
4.531249999999999861e-02	-3.736490956462529267e-03
4.562499999999999889e-02	-3.565398014028389132e-03
4.593749999999999917e-02	-3.383385707135282659e-03
4.624999999999999944e-02	-3.190986987184958601e-03
4.656249999999999972e-02	-2.988847488508957883e-03
4.687500000000000000e-02	-2.777737962347080238e-03
4.718750000000000028e-02	-2.558596396949411496e-03
4.750000000000000056e-02	-2.332496621780716633e-03
4.781250000000000083e-02	-2.100564999864753136e-03
4.812500000000000111e-02	-1.863974832493965920e-03
4.843750000000000139e-02	-1.623947447202603875e-03
4.875000000000000167e-02	-1.381722045368949424e-03
4.906250000000000194e-02	-1.138509230220829168e-03
4.937500000000000222e-02	-8.954955141528018808e-04
4.968750000000000250e-02	-6.538209375649322100e-04
5.000000000000000278e-02	-4.145573094004839881e-04
5.031250000000000305e-02	-1.787016793072301727e-04
5.062500000000000333e-02	5.281495857762598698e-05
5.093749999999999667e-02	2.791680760574462511e-04
5.124999999999999695e-02	4.996511123062287061e-04
5.156249999999999722e-02	7.136476528418211635e-04
5.187499999999999750e-02	9.206225703162401524e-04
5.218749999999999778e-02	1.120170361606954209e-03
5.249999999999999806e-02	1.312016080365263973e-03
5.281249999999999833e-02	1.495961249209999070e-03
5.312499999999999861e-02	1.671868472679174846e-03
5.343749999999999889e-02	1.839701847659987784e-03
5.374999999999999917e-02	1.999515772808200999e-03
5.406249999999999944e-02	2.151391690682728352e-03
5.437499999999999972e-02	2.295430316509097356e-03
5.468750000000000000e-02	2.431792981157827622e-03
5.500000000000000028e-02	2.560692461085319060e-03
5.531250000000000056e-02	2.682335937457663681e-03
5.562500000000000083e-02	2.796922664779685590e-03
5.593750000000000111e-02	2.904683293351820184e-03
5.625000000000000139e-02	3.005874273979806683e-03
5.656250000000000167e-02	3.100729520883427955e-03
5.687500000000000194e-02	3.189462121368544234e-03
5.718750000000000222e-02	3.272301326913014483e-03
5.750000000000000250e-02	3.349489755521541361e-03
5.781250000000000278e-02	3.421244846392447816e-03
5.812500000000000305e-02	3.487763211810133296e-03
5.843750000000000333e-02	3.549252965489076411e-03
5.874999999999999667e-02	3.605932634600714053e-03
5.906249999999999695e-02	3.657998520579983179e-03
5.937499999999999722e-02	3.705628118469405600e-03
5.968749999999999750e-02	3.749007937945881500e-03
5.999999999999999778e-02	3.788332259922851629e-03
6.031249999999999806e-02	3.823775626372949345e-03
6.062499999999999833e-02	3.855496010992510211e-03
6.093749999999999861e-02	3.883657884231618042e-03
6.124999999999999889e-02	3.908431498340337283e-03
6.156249999999999917e-02	3.929969433776846210e-03
6.187499999999999944e-02	3.948409536734848353e-03
6.218749999999999972e-02	3.963894238437606389e-03
6.250000000000000000e-02	3.976569653674498321e-03
6.281249999999999334e-02	3.986566245964517398e-03
6.312500000000000056e-02	3.994001392064330282e-03
6.343749999999999389e-02	3.998995499512846864e-03
6.375000000000000111e-02	4.001671549682522637e-03
6.406249999999999445e-02	4.002139496244881169e-03
6.437500000000000167e-02	4.000498714664270372e-03
6.468749999999999500e-02	3.996851399809653316e-03
6.500000000000000222e-02	3.991302192935257571e-03
6.531249999999999556e-02	3.983945318729852428e-03
6.562500000000000278e-02	3.974866618272232532e-03
6.593749999999999611e-02	3.964154434979359071e-03
6.625000000000000333e-02	3.951899241586999574e-03
6.656249999999999667e-02	3.938183086810520192e-03
6.687500000000000389e-02	3.923081289474442818e-03
6.718749999999999722e-02	3.906671126754896091e-03
6.750000000000000444e-02	3.889031430075319366e-03
6.781249999999999778e-02	3.870234036746264625e-03
6.812500000000000500e-02	3.850345188787977248e-03
6.843749999999999833e-02	3.829432293906185648e-03
6.875000000000000555e-02	3.807563505845325182e-03
6.906249999999999889e-02	3.784800978955222932e-03
6.937500000000000611e-02	3.761202064961526124e-03
6.968749999999999944e-02	3.736824426439342307e-03
7.000000000000000666e-02	3.711725710421310675e-03
7.031250000000000000e-02	3.685958388296529074e-03
7.062499999999999334e-02	3.659570734986375157e-03
7.093750000000000056e-02	3.632610683477806128e-03
7.124999999999999389e-02	3.605125482888971254e-03
7.156250000000000111e-02	3.577157906105777729e-03
7.187499999999999445e-02	3.548747073532951095e-03
7.218750000000000167e-02	3.519931141941894451e-03
7.249999999999999500e-02	3.490747086876050832e-03
7.281250000000000222e-02	3.461227998260600364e-03
7.312499999999999556e-02	3.431403702101369201e-03
7.343750000000000278e-02	3.401302610039145646e-03
7.374999999999999611e-02	3.370951563924925488e-03
7.406250000000000333e-02	3.340373955180689098e-03
7.437499999999999667e-02	3.309590191073582145e-03
7.468750000000000389e-02	3.278618938113771631e-03
7.499999999999999722e-02	3.247476982172175196e-03
7.531250000000000444e-02	3.216178016167573882e-03
7.562499999999999778e-02	3.184732950916063354e-03
7.593750000000000500e-02	3.153150801052032829e-03
7.624999999999999833e-02	3.121438560688361008e-03
7.656250000000000555e-02	3.089600115443320340e-03
7.687499999999999889e-02	3.057636708714754278e-03
7.718750000000000611e-02	3.025548029653202936e-03
7.749999999999999944e-02	2.993332368586626088e-03
7.781250000000000666e-02	2.960985995321489470e-03
7.812500000000000000e-02	2.928503314567481707e-03
7.843749999999999334e-02	2.895878420184837179e-03
7.875000000000000056e-02	2.863105250609054679e-03
7.906249999999999389e-02	2.830176656302519928e-03
7.937500000000000111e-02	2.797084710603966323e-03
7.968749999999999445e-02	2.763821953126314492e-03
8.000000000000000167e-02	2.730381389756685734e-03
8.031249999999999500e-02	2.696755715532729320e-03
8.062500000000000222e-02	2.662937159217911194e-03
8.093749999999999556e-02	2.628919037548805605e-03
8.125000000000000278e-02	2.594695599810379043e-03
8.156249999999999611e-02	2.560260939862859381e-03
8.187500000000000333e-02	2.525609151566480561e-03
8.218749999999999667e-02	2.490735261329856190e-03
8.250000000000000389e-02	2.455635538959451570e-03
8.281249999999999722e-02	2.420305943412262573e-03
8.312500000000000444e-02	2.384742122795832555e-03
8.343749999999999778e-02	2.348941124040274369e-03
8.375000000000000500e-02	2.312901237473551693e-03
8.406249999999999833e-02	2.276620442574160946e-03
8.437500000000000555e-02	2.240096252546416519e-03
8.468749999999999889e-02	2.203327423992466286e-03
8.500000000000000611e-02	2.166314112337045395e-03
8.531249999999999944e-02	2.129056162155419131e-03
8.562500000000000666e-02	2.091553107173400265e-03
8.593750000000000000e-02	2.053805569089905969e-03
8.624999999999999334e-02	2.015815568426439393e-03
8.656250000000000056e-02	1.977584970279771138e-03
8.687499999999999389e-02	1.939115018047742490e-03
8.718750000000000111e-02	1.900408353950781360e-03
8.749999999999999445e-02	1.861468863607151523e-03
8.781250000000000167e-02	1.822299966360934730e-03
8.812499999999999500e-02	1.782905081556203190e-03
8.843750000000000222e-02	1.743288871934882541e-03
8.874999999999999556e-02	1.703456932787276350e-03
8.906250000000000278e-02	1.663414548554233065e-03
8.937499999999999611e-02	1.623167159101327828e-03
8.968750000000000333e-02	1.582721136842523031e-03
8.999999999999999667e-02	1.542083942164891325e-03
9.031250000000000389e-02	1.501263035455513385e-03
9.062499999999999722e-02	1.460265410827268993e-03
9.093750000000000444e-02	1.419099305790891361e-03
9.124999999999999778e-02	1.377773734980760169e-03
9.156250000000000500e-02	1.336297246757070468e-03
9.187499999999999833e-02	1.294678234055280210e-03
9.218750000000000555e-02	1.252925556085045635e-03
9.249999999999999889e-02	1.211048538330207610e-03
9.281250000000000611e-02	1.169056040000422160e-03
9.312499999999999944e-02	1.126956609455878047e-03
9.343750000000000666e-02	1.084759105906231945e-03
9.375000000000000000e-02	1.042472388561131421e-03
9.406249999999999334e-02	1.000104694931311855e-03
9.437500000000000056e-02	9.576641071027692511e-04
9.468749999999999389e-02	9.151585517367704292e-04
9.500000000000000111e-02	8.725959554945883880e-04
9.531249999999999445e-02	8.299839341880247464e-04
9.562500000000000167e-02	7.873294819299688288e-04
9.593749999999999500e-02	7.446395928332985754e-04
9.625000000000000222e-02	7.019214164356335798e-04
9.656249999999999556e-02	6.591814805756613001e-04
9.687500000000000278e-02	6.164258468178848921e-04
9.718749999999999611e-02	5.736605767268002478e-04
9.750000000000000333e-02	5.308915764421796033e-04
9.781249999999999667e-02	4.881244412543259831e-04
9.812500000000000389e-02	4.453646110288184850e-04
9.843749999999999722e-02	4.026170593570394906e-04
9.875000000000000444e-02	3.598866044056453408e-04
9.906249999999999778e-02	3.171779089165540841e-04
9.937500000000000500e-02	2.744954802069621193e-04
9.968749999999999833e-02	2.318433593198649008e-04
1.000000000000000056e-01	1.892252764488038495e-04
1.003119999999999984e-01	1.466449617873135291e-04
1.006250000000000061e-01	1.041779318601769426e-04
1.009369999999999989e-01	6.162273706801094173e-05
1.012500000000000067e-01	1.924989900394340328e-05
1.015619999999999995e-01	-2.320924529405478677e-05
1.018749999999999933e-01	-6.548044304459782461e-05
1.021870000000000001e-01	-1.078329510565240824e-04
1.024999999999999939e-01	-1.499947496909855070e-04
1.028120000000000006e-01	-1.922340831336088595e-04
1.031249999999999944e-01	-2.342790342015311990e-04
1.034370000000000012e-01	-2.763980320979761516e-04
1.037499999999999950e-01	-3.183216354938724676e-04
1.040620000000000017e-01	-3.603174957227535630e-04
1.043749999999999956e-01	-4.021163375734991530e-04
1.046870000000000023e-01	-4.439859466666099962e-04
1.049999999999999961e-01	-4.856590959158972338e-04
1.053120000000000028e-01	-5.274030765668789953e-04
1.056249999999999967e-01	-5.689511539189145550e-04
1.059370000000000034e-01	-6.105701288214082428e-04
1.062499999999999972e-01	-6.519951515648551160e-04
1.065620000000000039e-01	-6.934928568807091631e-04
1.068749999999999978e-01	-7.347993251210521064e-04
1.071870000000000045e-01	-7.761808980728065631e-04
1.074999999999999983e-01	-8.173751740281445018e-04
1.078120000000000051e-01	-8.586483982863154368e-04
1.081249999999999989e-01	-8.997390166394631222e-04
1.084370000000000056e-01	-9.409129212618493792e-04
1.087499999999999994e-01	-9.819099684561347248e-04
1.090620000000000062e-01	-1.022996228948510299e-03
1.093750000000000000e-01	-1.063912274244078159e-03
1.096870000000000067e-01	-1.104923811499499819e-03
1.100000000000000006e-01	-1.145772820740956297e-03
1.103119999999999934e-01	-1.186725046427045821e-03
1.106250000000000011e-01	-1.227523002747661152e-03
1.109369999999999939e-01	-1.268432885266144788e-03
1.112500000000000017e-01	-1.309197944263909910e-03
1.115619999999999945e-01	-1.350084320097435413e-03
1.118750000000000022e-01	-1.390836033954798937e-03
1.121869999999999951e-01	-1.431719919013759107e-03
1.125000000000000028e-01	-1.472480322729988753e-03
1.128119999999999956e-01	-1.513384445332290355e-03
1.131250000000000033e-01	-1.554177125667166679e-03
1.134369999999999962e-01	-1.595126237885050946e-03
1.137500000000000039e-01	-1.635976643710966398e-03
1.140619999999999967e-01	-1.676997054350777951e-03
1.143750000000000044e-01	-1.717932651828792904e-03
1.146869999999999973e-01	-1.759053160471440612e-03
1.150000000000000050e-01	-1.800103122699176720e-03
1.153119999999999978e-01	-1.841353618639443059e-03
1.156250000000000056e-01	-1.882549446355291124e-03
1.159369999999999984e-01	-1.923962776682753249e-03
1.162500000000000061e-01	-1.965337212033512436e-03
1.165619999999999989e-01	-2.006946846531389161e-03
1.168750000000000067e-01	-2.048535269656729437e-03
1.171869999999999995e-01	-2.090378258596676565e-03
1.174999999999999933e-01	-2.132217446220727522e-03
1.178120000000000001e-01	-2.174330684200990495e-03
1.181249999999999939e-01	-2.216459275160498604e-03
1.184370000000000006e-01	-2.258883237267762453e-03
1.187499999999999944e-01	-2.301340801455777855e-03
1.190620000000000012e-01	-2.344113939022391627e-03
1.193749999999999950e-01	-2.386939115275659058e-03
1.196870000000000017e-01	-2.430099723960561873e-03
1.199999999999999956e-01	-2.473327582066647476e-03
1.203120000000000023e-01	-2.516907263572134255e-03
1.206249999999999961e-01	-2.560567752508919031e-03
1.209370000000000028e-01	-2.604594839395668431e-03
1.212499999999999967e-01	-2.648711390746877337e-03
1.215620000000000034e-01	-2.693204096803896753e-03
1.218749999999999972e-01	-2.737792383350699452e-03
1.221870000000000039e-01	-2.782763785144456124e-03
1.224999999999999978e-01	-2.827830789809159407e-03
1.228120000000000045e-01	-2.873281977053524991e-03
1.231249999999999983e-01	-2.918826148075611467e-03
1.234370000000000051e-01	-2.964752450568276885e-03
1.237499999999999989e-01	-3.010762925624169487e-03
1.240620000000000056e-01	-3.057147374963408056e-03
1.243749999999999994e-01	-3.103603981166450521e-03
1.246870000000000062e-01	-3.150423382014126347e-03
1.250000000000000000e-01	-3.197297411794850375e-03
1.253120000000000067e-01	-3.244517048980462195e-03
1.256249999999999867e-01	-3.291770484206326362e-03
1.259369999999999934e-01	-3.339348792929317054e-03
1.262500000000000011e-01	-3.386934460080763282e-03
1.265620000000000078e-01	-3.434818511381627654e-03
1.268749999999999878e-01	-3.482680236728127269e-03
1.271869999999999945e-01	-3.530810096343883937e-03
1.275000000000000022e-01	-3.578882861119992830e-03
1.278120000000000089e-01	-3.627188164669185345e-03
1.281249999999999889e-01	-3.675397639546384553e-03
1.284369999999999956e-01	-3.723799460609971898e-03
1.287500000000000033e-01	-3.772062471224830495e-03
1.290620000000000100e-01	-3.820472854325990264e-03
1.293749999999999900e-01	-3.868697070928051561e-03
1.296869999999999967e-01	-3.917018875858734907e-03
1.300000000000000044e-01	-3.965103123662630687e-03
1.303120000000000112e-01	-4.013230648177236286e-03
1.306249999999999911e-01	-4.061064752186625999e-03
1.309369999999999978e-01	-4.108882019594457466e-03
1.312500000000000056e-01	-4.156346494249930044e-03
1.315620000000000123e-01	-4.203730522556844290e-03
1.318749999999999922e-01	-4.250696882088018935e-03
1.321869999999999989e-01	-4.297510211672691573e-03
1.325000000000000067e-01	-4.343832125063307528e-03
1.328120000000000134e-01	-4.389913322599243821e-03
1.331249999999999933e-01	-4.435404113059726074e-03
1.334370000000000001e-01	-4.480533056344725845e-03
1.337500000000000078e-01	-4.524940562791900621e-03
1.340619999999999867e-01	-4.568827387935953457e-03
1.343749999999999944e-01	-4.611813792106393695e-03
1.346870000000000012e-01	-4.654064645381383175e-03
1.350000000000000089e-01	-4.695188626585534639e-03
1.353119999999999878e-01	-4.735310334627563025e-03
1.356249999999999956e-01	-4.774014500489573432e-03
1.359370000000000023e-01	-4.811377675700713626e-03
1.362500000000000100e-01	-4.846978786067226985e-03
1.365619999999999890e-01	-4.880842890034583180e-03
1.368749999999999967e-01	-4.912526844788275317e-03
1.371870000000000034e-01	-4.941995836929379340e-03
1.375000000000000111e-01	-4.968815503524260171e-03
1.378119999999999901e-01	-4.992888045761905563e-03
1.381249999999999978e-01	-5.013762871283162538e-03
1.384370000000000045e-01	-5.031268906698034560e-03
1.387500000000000122e-01	-5.044985088555719276e-03
1.390619999999999912e-01	-5.054662961993872279e-03
1.393749999999999989e-01	-5.059872921876062447e-03
1.396870000000000056e-01	-5.060276309043822487e-03
1.400000000000000133e-01	-5.055498815505716191e-03
1.403119999999999923e-01	-5.045106510085575931e-03
1.406250000000000000e-01	-5.028725831288246087e-03
1.409370000000000067e-01	-5.005812137484372953e-03
1.412499999999999867e-01	-4.976078016366600014e-03
1.415619999999999934e-01	-4.938862108201626938e-03
1.418750000000000011e-01	-4.893888519519737010e-03
1.421870000000000078e-01	-4.840361618441558003e-03
1.424999999999999878e-01	-4.778132763220266539e-03
1.428119999999999945e-01	-4.706286837909161823e-03
1.431250000000000022e-01	-4.624753771568654130e-03
1.434370000000000089e-01	-4.532549189002584716e-03
1.437499999999999889e-01	-4.429890765406182575e-03
1.440619999999999956e-01	-4.315787448536858445e-03
1.443750000000000033e-01	-4.190684360897409255e-03
1.446870000000000100e-01	-4.053629801797630459e-03
1.449999999999999900e-01	-3.905497812282428347e-03
1.453119999999999967e-01	-3.745421802244165710e-03
1.456250000000000044e-01	-3.574602608517918854e-03
1.459370000000000112e-01	-3.392299081933779735e-03
1.462499999999999911e-01	-3.200208199935371603e-03
1.465619999999999978e-01	-2.997745278061501786e-03
1.468750000000000056e-01	-2.786973527141479653e-03
1.471870000000000123e-01	-2.567481335239169254e-03
1.474999999999999922e-01	-2.341743319710739950e-03
1.478119999999999989e-01	-2.109440607199725148e-03
1.481250000000000067e-01	-1.873228984096726854e-03
1.484370000000000134e-01	-1.632817554988892248e-03
1.487499999999999933e-01	-1.390979713798167362e-03
1.490620000000000001e-01	-1.147377758145826055e-03
1.493750000000000078e-01	-9.047528640235024712e-04
1.496869999999999867e-01	-6.626916081130865537e-04
1.499999999999999944e-01	-4.238108017537175034e-04
1.503120000000000012e-01	-1.875778026523085469e-04
1.506250000000000089e-01	4.356840861193524920e-05
1.509369999999999878e-01	2.702836910797285050e-04
1.512499999999999956e-01	4.904139544705025076e-04
1.515620000000000023e-01	7.047528894709568538e-04
1.518750000000000100e-01	9.113966470774211319e-04
1.521869999999999890e-01	1.111263714834205421e-03
1.524999999999999967e-01	1.302802480442489001e-03
1.528120000000000034e-01	1.487041961557379870e-03
1.531250000000000111e-01	1.662667733469008454e-03
1.534369999999999901e-01	1.830769641849796722e-03
1.537499999999999978e-01	1.990327864717761873e-03
1.540620000000000045e-01	2.142446784060891840e-03
1.543750000000000122e-01	2.286254948085941936e-03
1.546869999999999912e-01	2.422835792998113275e-03
1.549999999999999989e-01	2.551529033757711767e-03
1.553120000000000056e-01	2.673367139692255437e-03
1.556250000000000133e-01	2.787770528250563262e-03
1.559369999999999923e-01	2.895703573828414812e-03
1.562500000000000000e-01	2.996732648887389348e-03
1.565620000000000067e-01	3.091739664186058615e-03
1.568749999999999867e-01	3.180330292510400760e-03
1.571869999999999934e-01	3.263302040783735807e-03
1.575000000000000011e-01	3.340366967906491496e-03
1.578120000000000078e-01	3.412236866922793450e-03
1.581249999999999878e-01	3.478648802955812067e-03
1.584369999999999945e-01	3.540236940240637075e-03
1.587500000000000022e-01	3.596825921881696090e-03
1.590620000000000089e-01	3.648975113278534604e-03
1.593749999999999889e-01	3.696528503811335239e-03
1.596869999999999956e-01	3.739977730998970788e-03
1.600000000000000033e-01	3.779239134060779180e-03
1.603120000000000100e-01	3.814739209897198731e-03
1.606249999999999900e-01	3.846408841901371046e-03
1.609369999999999967e-01	3.874615774137658581e-03
1.612500000000000044e-01	3.899349750463805553e-03
1.615620000000000112e-01	3.920922146597012603e-03
1.618749999999999911e-01	3.939332745390284468e-03
1.621869999999999978e-01	3.954842222615764444e-03
1.625000000000000056e-01	3.967497357188279339e-03
1.628120000000000123e-01	3.977509944025963036e-03
1.631249999999999922e-01	3.984933193892013954e-03
1.634369999999999989e-01	3.989935291912446481e-03
1.637500000000000067e-01	3.992607060401852370e-03
1.640620000000000134e-01	3.993075755678709288e-03
1.643749999999999933e-01	3.991437599348626741e-03
1.646870000000000001e-01	3.987784448790243109e-03
1.650000000000000078e-01	3.982244120646846047e-03
1.653119999999999867e-01	3.974875475442713087e-03
1.656249999999999944e-01	3.965811300905825072e-03
1.659370000000000012e-01	3.955081978119682519e-03
1.662500000000000089e-01	3.942846393036750566e-03
1.665619999999999878e-01	3.929108292412628566e-03
1.668749999999999956e-01	3.914030657952288772e-03
1.671870000000000023e-01	3.897594238972390806e-03
1.675000000000000100e-01	3.879982765807499581e-03
1.678119999999999890e-01	3.861155296649117392e-03
1.681249999999999967e-01	3.841298270847568266e-03
1.684370000000000034e-01	3.820351915333966217e-03
1.687500000000000111e-01	3.798518117334003050e-03
1.690619999999999901e-01	3.775719170400875565e-03
1.693749999999999978e-01	3.752158014669569608e-03
1.696870000000000045e-01	3.727741371925751609e-03
1.700000000000000122e-01	3.702682813853346803e-03
1.703119999999999912e-01	3.676874264013165611e-03
1.706249999999999989e-01	3.650528830948309399e-03
1.709370000000000056e-01	3.623525643357325583e-03
1.712500000000000133e-01	3.596084419089433121e-03
1.715619999999999923e-01	3.568072094183383138e-03
1.718750000000000000e-01	3.539706718942675894e-03
1.721870000000000067e-01	3.510844681861071889e-03
1.724999999999999867e-01	3.481707321283333389e-03
1.728119999999999934e-01	3.452141002126099794e-03
1.731250000000000011e-01	3.422364424840724020e-03
1.734370000000000078e-01	3.392215171031200561e-03
1.737499999999999878e-01	3.361912686590763297e-03
1.740619999999999945e-01	3.331286153672536644e-03
1.743750000000000022e-01	3.300551643588001127e-03
1.746870000000000089e-01	3.269530836623453333e-03
1.749999999999999889e-01	3.238438707811363941e-03
1.753119999999999956e-01	3.207089663461156880e-03
1.756250000000000033e-01	3.175694910314050007e-03
1.759370000000000100e-01	3.144062229010234372e-03
1.762499999999999900e-01	3.112400728231145500e-03
1.765619999999999967e-01	3.080511341473714509e-03
1.768750000000000044e-01	3.048599076195913655e-03
1.771870000000000112e-01	3.016459055247863123e-03
1.774999999999999911e-01	2.984294939238993187e-03
1.778119999999999978e-01	2.951896811776632754e-03
1.781250000000000056e-01	2.919466103311831647e-03
1.784370000000000123e-01	2.886789009098173885e-03
1.787499999999999922e-01	2.854068276593711446e-03
1.790619999999999989e-01	2.821086996536288378e-03
1.793750000000000067e-01	2.788047997950851824e-03
1.796870000000000134e-01	2.754732020061235846e-03
1.799999999999999933e-01	2.721344961592996308e-03
1.803120000000000001e-01	2.687665486290283321e-03
1.806250000000000078e-01	2.653901039665565714e-03
1.809369999999999867e-01	2.619828489001791143e-03
1.812499999999999944e-01	2.585659808763747080e-03
1.815620000000000012e-01	2.551170053360312003e-03
1.818750000000000089e-01	2.516573707925205683e-03
1.821869999999999878e-01	2.481644019464202683e-03
1.824999999999999956e-01	2.446600456649592002e-03
1.828120000000000023e-01	2.411214333749527646e-03
1.831250000000000100e-01	2.375707415246082217e-03
1.834369999999999890e-01	2.339849134892514441e-03
1.837499999999999967e-01	2.303866912144300963e-03
1.840620000000000034e-01	2.267528067973072041e-03
1.843750000000000111e-01	2.231062316649369721e-03
1.846869999999999901e-01	2.194234657969733153e-03
1.849999999999999978e-01	2.157280567612963277e-03
1.853120000000000045e-01	2.119963004711046539e-03
1.856250000000000122e-01	2.082519954616996252e-03
1.859369999999999912e-01	2.044712020472568698e-03
1.862499999999999989e-01	2.006782803810166788e-03
1.865620000000000056e-01	1.968491036706460952e-03
1.868750000000000133e-01	1.930082636398004021e-03
1.871869999999999923e-01	1.891314041638485254e-03
1.875000000000000000e-01	1.852436854479410028e-03
1.878120000000000067e-01	1.813205286997596503e-03
1.881249999999999867e-01	1.773873434008550048e-03
1.884369999999999934e-01	1.734193838451835931e-03
1.887500000000000011e-01	1.694425630406866954e-03
1.890620000000000078e-01	1.654319178359049550e-03
1.893749999999999878e-01	1.614136184729268514e-03
1.896869999999999945e-01	1.573625448834851601e-03
1.900000000000000022e-01	1.533053273668703300e-03
1.903120000000000089e-01	1.492167053508588375e-03
1.906249999999999889e-01	1.451235025079751582e-03
1.909369999999999956e-01	1.410003054275316397e-03
1.912500000000000033e-01	1.368743604378481679e-03
1.915620000000000100e-01	1.327200753773632438e-03
1.918749999999999900e-01	1.285648331492165227e-03
1.921869999999999967e-01	1.243828849237180135e-03
1.925000000000000044e-01	1.202018834710749315e-03
1.928120000000000112e-01	1.159959148383634710e-03
1.931249999999999911e-01	1.117927076927961727e-03
1.934369999999999978e-01	1.075662057372637039e-03
1.937500000000000056e-01	1.033442998775289771e-03
1.940620000000000123e-01	9.910075168356603358e-04
1.943749999999999922e-01	9.486348339476419114e-04
1.946869999999999989e-01	9.060612696930612836e-04
1.950000000000000067e-01	8.635667736048647028e-04
1.953120000000000134e-01	8.208865730642107231e-04
1.956249999999999933e-01	7.783003679297654295e-04
1.959370000000000001e-01	7.355421750105440876e-04
1.962500000000000078e-01	6.928923476951131177e-04
1.965619999999999867e-01	6.500840279377648320e-04
1.968749999999999944e-01	6.073968031940032335e-04
1.971870000000000012e-01	5.645631086707725982e-04
1.975000000000000089e-01	5.218625387866048480e-04
1.978119999999999878e-01	4.790269761824507552e-04
1.981249999999999956e-01	4.363355616853076290e-04
1.984370000000000023e-01	3.935196139308535265e-04
1.987500000000000100e-01	3.508575277073795219e-04
1.990619999999999890e-01	3.080804983055054924e-04
1.993749999999999967e-01	2.654663614818503757e-04
1.996870000000000034e-01	2.227459972013337108e-04
2.000000000000000111e-01	1.801961032628644939e-04
2.003119999999999901e-01	1.375476600979161498e-04
2.006249999999999978e-01	9.508063017078296488e-05
2.009370000000000045e-01	5.252543537861695727e-05
2.012500000000000122e-01	1.015259731454739441e-05
2.015619999999999912e-01	-3.230654698345079395e-05
2.018749999999999989e-01	-7.457774473399249348e-05
2.021870000000000056e-01	-1.169302527459207706e-04
2.025000000000000133e-01	-1.590920513803822088e-04
2.028119999999999923e-01	-2.013313848230068894e-04
2.031250000000000000e-01	-2.433763358909245126e-04
2.034370000000000067e-01	-2.854953337873714710e-04
2.037499999999999867e-01	-3.274189371832678412e-04
2.040619999999999934e-01	-3.694147974121468766e-04
2.043750000000000011e-01	-4.112136392628924666e-04
2.046870000000000078e-01	-4.530832483560053156e-04
2.049999999999999878e-01	-4.947563976052926074e-04
2.053119999999999945e-01	-5.365003782562723089e-04
2.056250000000000022e-01	-5.780484556083085191e-04
2.059370000000000089e-01	-6.196674305108042669e-04
2.062499999999999889e-01	-6.610924532542511401e-04
2.065619999999999956e-01	-7.025901585701031273e-04
2.068750000000000033e-01	-7.438966268104460705e-04
2.071870000000000100e-01	-7.852781997622025872e-04
2.074999999999999900e-01	-8.264724757175405260e-04
2.078119999999999967e-01	-8.677456999757100515e-04
2.081250000000000044e-01	-9.088363183288570863e-04
2.084370000000000112e-01	-9.500102229512454033e-04
2.087499999999999911e-01	-9.910072701455306405e-04
2.090619999999999978e-01	-1.032093530637904263e-03
2.093750000000000056e-01	-1.073009575933472123e-03
2.096870000000000123e-01	-1.114021113188895301e-03
2.099999999999999922e-01	-1.154870122430351779e-03
2.103119999999999989e-01	-1.195822348116439135e-03
2.106250000000000067e-01	-1.236620304437059236e-03
2.109370000000000134e-01	-1.277530186955542872e-03
2.112499999999999933e-01	-1.318295245953309946e-03
2.115620000000000001e-01	-1.359181621786831329e-03
2.118750000000000078e-01	-1.399933335644196371e-03
2.121869999999999867e-01	-1.440817220703157191e-03
2.124999999999999944e-01	-1.481577624419384235e-03
2.128120000000000012e-01	-1.522481747021686488e-03
2.131250000000000089e-01	-1.563274427356563245e-03
2.134369999999999878e-01	-1.604223539574447513e-03
2.137499999999999956e-01	-1.645073945400361230e-03
2.140620000000000023e-01	-1.686094356040172782e-03
2.143750000000000100e-01	-1.727029953518189470e-03
2.146869999999999890e-01	-1.768150462160838045e-03
2.149999999999999967e-01	-1.809200424388572852e-03
2.153120000000000034e-01	-1.850450920328838324e-03
2.156250000000000111e-01	-1.891646748044688558e-03
2.159369999999999901e-01	-1.933060078372150683e-03
2.162499999999999978e-01	-1.974434513722907701e-03
2.165620000000000045e-01	-2.016044148220784427e-03
2.168750000000000122e-01	-2.057632571346126437e-03
2.171869999999999912e-01	-2.099475560286073999e-03
2.174999999999999989e-01	-2.141314747910123654e-03
2.178120000000000056e-01	-2.183427985890388362e-03
2.181250000000000133e-01	-2.225556576849896471e-03
2.184369999999999923e-01	-2.267980538957161622e-03
2.187500000000000000e-01	-2.310438103145173987e-03
2.190620000000000067e-01	-2.353211240711789061e-03
2.193749999999999867e-01	-2.396036416965056492e-03
2.196869999999999934e-01	-2.439197025649957138e-03
2.200000000000000011e-01	-2.482424883756043608e-03
2.203120000000000078e-01	-2.526004565261531689e-03
2.206249999999999878e-01	-2.569665054198314730e-03
2.209369999999999945e-01	-2.613692141085063262e-03
2.212500000000000022e-01	-2.657808692436271734e-03
2.215620000000000089e-01	-2.702301398493292886e-03
2.218749999999999889e-01	-2.746889685040096885e-03
2.221869999999999956e-01	-2.791861086833850956e-03
2.225000000000000033e-01	-2.836928091498552504e-03
2.228120000000000100e-01	-2.882379278742921123e-03
2.231249999999999900e-01	-2.927923449765007600e-03
2.234369999999999967e-01	-2.973849752257671283e-03
2.237500000000000044e-01	-3.019860227313563017e-03
2.240620000000000112e-01	-3.066244676652805489e-03
2.243749999999999911e-01	-3.112701282855846654e-03
2.246869999999999978e-01	-3.159520683703521179e-03
2.250000000000000056e-01	-3.206394713484245207e-03
2.253120000000000123e-01	-3.253614350669858327e-03
2.256249999999999922e-01	-3.300867785895723796e-03
2.259369999999999989e-01	-3.348446094618712753e-03
2.262500000000000067e-01	-3.396031761770159415e-03
2.265620000000000134e-01	-3.443915813071023787e-03
2.268749999999999933e-01	-3.491777538417523401e-03
2.271870000000000001e-01	-3.539907398033279636e-03
2.275000000000000078e-01	-3.587980162809388963e-03
2.278119999999999867e-01	-3.636285466358581478e-03
2.281249999999999944e-01	-3.684494941235777650e-03
2.284370000000000012e-01	-3.732896762299368031e-03
2.287500000000000089e-01	-3.781159772914226194e-03
2.290619999999999878e-01	-3.829570156015386397e-03
2.293749999999999956e-01	-3.877794372617445091e-03
2.296870000000000023e-01	-3.926116177548131039e-03
2.300000000000000100e-01	-3.974200425352026819e-03
2.303119999999999890e-01	-4.022327949866631551e-03
2.306249999999999967e-01	-4.070162053876018662e-03
2.309370000000000034e-01	-4.117979321283855333e-03
2.312500000000000111e-01	-4.165443795939327912e-03
2.315619999999999901e-01	-4.212827824246241290e-03
2.318749999999999978e-01	-4.259794183777413333e-03
2.321870000000000045e-01	-4.306607513362088573e-03
2.325000000000000122e-01	-4.352929426752704528e-03
2.328119999999999912e-01	-4.399010624288640821e-03
2.331249999999999989e-01	-4.444501414749118737e-03
2.334370000000000056e-01	-4.489630358034122845e-03
2.337500000000000133e-01	-4.534037864481298488e-03
2.340619999999999923e-01	-4.577924689625350457e-03
2.343750000000000000e-01	-4.620911093795791562e-03
2.346870000000000067e-01	-4.663161947070780175e-03
2.349999999999999867e-01	-4.704285928274932506e-03
2.353119999999999934e-01	-4.744407636316958291e-03
2.356250000000000011e-01	-4.783111802178968697e-03
2.359370000000000078e-01	-4.820474977390109758e-03
2.362499999999999878e-01	-4.856076087756622250e-03
2.365619999999999945e-01	-4.889940191723975843e-03
2.368750000000000022e-01	-4.921624146477670582e-03
2.371870000000000089e-01	-4.951093138618774606e-03
2.374999999999999889e-01	-4.977912805213655437e-03
2.378119999999999956e-01	-5.001985347451299961e-03
2.381250000000000033e-01	-5.022860172972557803e-03
2.384370000000000100e-01	-5.040366208387430692e-03
2.387499999999999900e-01	-5.054082390245114541e-03
2.390619999999999967e-01	-5.063760263683267544e-03
2.393750000000000044e-01	-5.068970223565456845e-03
2.396870000000000112e-01	-5.069373610733216018e-03
2.399999999999999911e-01	-5.064596117195109722e-03
2.403119999999999978e-01	-5.054203811774972063e-03
2.406250000000000056e-01	-5.037823132977642220e-03
2.409370000000000123e-01	-5.014909439173767351e-03
2.412499999999999922e-01	-4.985175318055996146e-03
2.415619999999999989e-01	-4.947959409891022203e-03
2.418750000000000067e-01	-4.902985821209133142e-03
2.421870000000000134e-01	-4.849458920130953268e-03
2.424999999999999933e-01	-4.787230064909661804e-03
2.428120000000000001e-01	-4.715384139598557955e-03
2.431250000000000078e-01	-4.633851073258050263e-03
2.434369999999999867e-01	-4.541646490691979982e-03
2.437499999999999944e-01	-4.438988067095587381e-03
2.440620000000000012e-01	-4.324884750226254577e-03
2.443750000000000089e-01	-4.199781662586803653e-03
2.446869999999999878e-01	-4.062727103487024857e-03
2.449999999999999956e-01	-3.914595113971837924e-03
2.453120000000000023e-01	-3.754519103933560108e-03
2.456250000000000100e-01	-3.583699910207312819e-03
2.459369999999999890e-01	-3.401396383623173699e-03
2.462499999999999967e-01	-3.209305501624782481e-03
2.465620000000000034e-01	-3.006842579750895750e-03
2.468750000000000111e-01	-2.796070828830872317e-03
2.471869999999999901e-01	-2.576578636928562351e-03
2.474999999999999978e-01	-2.350840621400152562e-03
2.478120000000000045e-01	-2.118537908889117811e-03
2.481250000000000122e-01	-1.882326285786119517e-03
2.484369999999999912e-01	-1.641914856678284912e-03
2.487499999999999989e-01	-1.400077015487581492e-03
2.490620000000000056e-01	-1.156475059835218719e-03
2.493750000000000133e-01	-9.138501657128951343e-04
2.496869999999999923e-01	-6.717889098024788916e-04
2.500000000000000000e-01	-4.329081034431101122e-04
2.503119999999999790e-01	-1.966751043417015352e-04
2.506249999999999867e-01	3.447110692252306369e-05
2.509370000000000211e-01	2.611863893903166515e-04
2.512499999999999734e-01	4.813166527811300649e-04
2.515620000000000078e-01	6.956555877815459761e-04
2.518750000000000155e-01	9.022993453880291193e-04
2.521869999999999945e-01	1.102166413144813626e-03
2.525000000000000022e-01	1.293705178753096988e-03
2.528119999999999812e-01	1.477944659867988075e-03
2.531249999999999889e-01	1.653570431779600395e-03
2.534370000000000234e-01	1.821672340160386495e-03
2.537499999999999756e-01	1.981230563028380052e-03
2.540620000000000100e-01	2.133349482371483564e-03
2.543750000000000178e-01	2.277157646396545804e-03
2.546869999999999967e-01	2.413738491308717576e-03
2.550000000000000044e-01	2.542431732068316502e-03
2.553119999999999834e-01	2.664269838002859738e-03
2.556249999999999911e-01	2.778673226561159323e-03
2.559370000000000256e-01	2.886606272139010006e-03
2.562499999999999778e-01	2.987635347198003624e-03
2.565620000000000123e-01	3.082642362496655110e-03
2.568750000000000200e-01	3.171232990821005494e-03
2.571869999999999989e-01	3.254204739094347480e-03
2.575000000000000067e-01	3.331269666217096231e-03
2.578119999999999856e-01	3.403139565233399486e-03
2.581249999999999933e-01	3.469551501266410730e-03
2.584369999999999723e-01	3.531139638551243111e-03
2.587499999999999800e-01	3.587728620192298223e-03
2.590620000000000145e-01	3.639877811589136737e-03
2.593750000000000222e-01	3.687431202121939974e-03
2.596870000000000012e-01	3.730880429309581161e-03
2.600000000000000089e-01	3.770141832371383915e-03
2.603119999999999878e-01	3.805641908207804767e-03
2.606249999999999956e-01	3.837311540211971010e-03
2.609369999999999745e-01	3.865518472448262449e-03
2.612499999999999822e-01	3.890252448774405517e-03
2.615620000000000167e-01	3.911824844907613868e-03
2.618750000000000244e-01	3.930235443700886601e-03
2.621870000000000034e-01	3.945744920926369179e-03
2.625000000000000111e-01	3.958400055498881472e-03
2.628119999999999901e-01	3.968412642336566036e-03
2.631249999999999978e-01	3.975835892202616087e-03
2.634369999999999767e-01	3.980837990223051216e-03
2.637499999999999845e-01	3.983509758712454503e-03
2.640620000000000189e-01	3.983978453989313155e-03
2.643750000000000266e-01	3.982340297659230609e-03
2.646870000000000056e-01	3.978687147100846977e-03
2.650000000000000133e-01	3.973146818957450782e-03
2.653119999999999923e-01	3.965778173753316954e-03
2.656250000000000000e-01	3.956713999216428072e-03
2.659369999999999790e-01	3.945984676430284652e-03
2.662499999999999867e-01	3.933749091347356168e-03
2.665620000000000211e-01	3.920010990723234168e-03
2.668749999999999734e-01	3.904933356262891338e-03
2.671870000000000078e-01	3.888496937282994673e-03
2.675000000000000155e-01	3.870885464118102148e-03
2.678119999999999945e-01	3.852057994959719959e-03
2.681250000000000022e-01	3.832200969158170833e-03
2.684369999999999812e-01	3.811254613644568783e-03
2.687499999999999889e-01	3.789420815644606918e-03
2.690620000000000234e-01	3.766621868711479866e-03
2.693749999999999756e-01	3.743060712980169572e-03
2.696870000000000100e-01	3.718644070236355476e-03
2.700000000000000178e-01	3.693585512163949369e-03
2.703119999999999967e-01	3.667776962323768177e-03
2.706250000000000044e-01	3.641431529258908496e-03
2.709369999999999834e-01	3.614428341667924680e-03
2.712499999999999911e-01	3.586987117400034820e-03
2.715620000000000256e-01	3.558974792493986572e-03
2.718749999999999778e-01	3.530609417253275425e-03
2.721870000000000123e-01	3.501747380171676190e-03
2.725000000000000200e-01	3.472610019593934221e-03
2.728119999999999989e-01	3.443043700436699325e-03
2.731250000000000067e-01	3.413267123151326153e-03
2.734369999999999856e-01	3.383117869341800959e-03
2.737499999999999933e-01	3.352815384901366297e-03
2.740619999999999723e-01	3.322188851983138343e-03
2.743749999999999800e-01	3.291454341898605862e-03
2.746870000000000145e-01	3.260433534934058068e-03
2.750000000000000222e-01	3.229341406121964339e-03
2.753120000000000012e-01	3.197992361771754676e-03
2.756250000000000089e-01	3.166597608624651273e-03
2.759369999999999878e-01	3.134964927320835638e-03
2.762499999999999956e-01	3.103303426541749802e-03
2.765619999999999745e-01	3.071414039784317075e-03
2.768749999999999822e-01	3.039501774506517522e-03
2.771870000000000167e-01	3.007361753558466990e-03
2.775000000000000244e-01	2.975197637549594452e-03
2.778120000000000034e-01	2.942799510087232718e-03
2.781250000000000111e-01	2.910368801622432913e-03
2.784369999999999901e-01	2.877691707408775151e-03
2.787499999999999978e-01	2.844970974904315747e-03
2.790619999999999767e-01	2.811989694846889643e-03
2.793749999999999845e-01	2.778950696261455692e-03
2.796870000000000189e-01	2.745634718371839714e-03
2.800000000000000266e-01	2.712247659903596272e-03
2.803120000000000056e-01	2.678568184600880683e-03
2.806250000000000133e-01	2.644803737976168714e-03
2.809369999999999923e-01	2.610731187312392409e-03
2.812500000000000000e-01	2.576562507074348345e-03
2.815619999999999790e-01	2.542072751670913268e-03
2.818749999999999867e-01	2.507476406235809984e-03
2.821870000000000211e-01	2.472546717774806550e-03
2.824999999999999734e-01	2.437503154960190665e-03
2.828120000000000078e-01	2.402117032060132815e-03
2.831250000000000155e-01	2.366610113556684783e-03
2.834369999999999945e-01	2.330751833203117008e-03
2.837500000000000022e-01	2.294769610454903529e-03
2.840619999999999812e-01	2.258430766283674607e-03
2.843749999999999889e-01	2.221965014959975324e-03
2.846870000000000234e-01	2.185137356280338755e-03
2.849999999999999756e-01	2.148183265923561940e-03
2.853120000000000100e-01	2.110865703021651708e-03
2.856250000000000178e-01	2.073422652927600120e-03
2.859369999999999967e-01	2.035614718783171264e-03
2.862500000000000044e-01	1.997685502120769355e-03
2.865619999999999834e-01	1.959393735017063952e-03
2.868749999999999911e-01	1.920985334708610708e-03
2.871870000000000256e-01	1.882216739949090639e-03
2.874999999999999778e-01	1.843339552790008475e-03
2.878120000000000123e-01	1.804107985308201888e-03
2.881250000000000200e-01	1.764776132319154133e-03
2.884369999999999989e-01	1.725096536762437197e-03
2.887500000000000067e-01	1.685328328717469520e-03
2.890619999999999856e-01	1.645221876669653418e-03
2.893749999999999933e-01	1.605038883039875200e-03
2.896869999999999723e-01	1.564528147145454167e-03
2.899999999999999800e-01	1.523955971979311288e-03
2.903120000000000145e-01	1.483069751819195061e-03
2.906250000000000222e-01	1.442137723390352847e-03
2.909370000000000012e-01	1.400905752585915060e-03
2.912500000000000089e-01	1.359646302689084462e-03
2.915619999999999878e-01	1.318103452084235221e-03
2.918749999999999956e-01	1.276551029802771263e-03
2.921869999999999745e-01	1.234731547547782268e-03
2.924999999999999822e-01	1.192921533021355351e-03
2.928120000000000167e-01	1.150861846694240746e-03
2.931250000000000244e-01	1.108829775238563643e-03
2.934370000000000034e-01	1.066564755683235702e-03
2.937500000000000111e-01	1.024345697085891687e-03
2.940619999999999901e-01	9.819102151462622517e-04
2.943749999999999978e-01	9.395375322582479472e-04
2.946869999999999767e-01	8.969639680036631995e-04
2.949999999999999845e-01	8.544694719154707387e-04
2.953120000000000189e-01	8.117892713748167590e-04
2.956250000000000266e-01	7.692030662403663696e-04
2.959370000000000056e-01	7.264448733211417751e-04
2.962500000000000133e-01	6.837950460057148168e-04
2.965619999999999923e-01	6.409867262483664226e-04
2.968750000000000000e-01	5.982995015046049326e-04
2.971869999999999790e-01	5.554658069813741888e-04
2.974999999999999867e-01	5.127652370972105586e-04
2.978120000000000211e-01	4.699296744930557611e-04
2.981249999999999734e-01	4.272382599959055876e-04
2.984370000000000078e-01	3.844223122414591829e-04
2.987500000000000155e-01	3.417602260179814920e-04
2.990619999999999945e-01	2.989831966161074625e-04
2.993750000000000022e-01	2.563690597924523458e-04
2.996869999999999812e-01	2.136486955119356809e-04
2.999999999999999889e-01	1.710988015734705027e-04
3.003120000000000234e-01	1.284503584085221856e-04
3.006249999999999756e-01	8.598332848138020516e-05
3.009370000000000100e-01	4.342813368922162433e-05
3.012500000000000178e-01	1.055295625148014976e-06
3.015619999999999967e-01	-4.140384867285017910e-05
3.018750000000000044e-01	-8.367504642339186507e-05
3.021869999999999834e-01	-1.260275544353201558e-04
3.024999999999999911e-01	-1.681893530697775281e-04
3.028120000000000256e-01	-2.104286865124022359e-04
3.031249999999999778e-01	-2.524736375803272588e-04
3.034370000000000123e-01	-2.945926354767674951e-04
3.037500000000000200e-01	-3.365162388726671721e-04
3.040619999999999989e-01	-3.785120991015503275e-04
3.043750000000000067e-01	-4.203109409522918518e-04
3.046869999999999856e-01	-4.621805500454040502e-04
3.049999999999999933e-01	-5.038536992946878726e-04
3.053119999999999723e-01	-5.455976799456716941e-04
3.056249999999999800e-01	-5.871457572977045432e-04
3.059370000000000145e-01	-6.287647322002017005e-04
3.062500000000000222e-01	-6.701897549436511758e-04
3.065620000000000012e-01	-7.116874602595071745e-04
3.068750000000000089e-01	-7.529939284998467567e-04
3.071869999999999878e-01	-7.943755014516026228e-04
3.074999999999999956e-01	-8.355697774069378511e-04
3.078119999999999745e-01	-8.768430016651108461e-04
3.081249999999999822e-01	-9.179336200182523515e-04
3.084370000000000167e-01	-9.591075246406414274e-04
3.087500000000000244e-01	-1.000104571834930026e-03
3.090620000000000034e-01	-1.041190832327307768e-03
3.093750000000000111e-01	-1.082106877622871508e-03
3.096869999999999901e-01	-1.123118414878295336e-03
3.099999999999999978e-01	-1.163967424119748345e-03
3.103119999999999767e-01	-1.204919649805839170e-03
3.106249999999999845e-01	-1.245717606126450598e-03
3.109370000000000189e-01	-1.286627488644934885e-03
3.112500000000000266e-01	-1.327392547642705428e-03
3.115620000000000056e-01	-1.368278923476230714e-03
3.118750000000000133e-01	-1.409030637333592286e-03
3.121869999999999923e-01	-1.449914522392552457e-03
3.125000000000000000e-01	-1.490674926108780801e-03
3.128119999999999790e-01	-1.531579048711082403e-03
3.131249999999999867e-01	-1.572371729045957209e-03
3.134370000000000211e-01	-1.613320841263842995e-03
3.137499999999999734e-01	-1.654171247089763867e-03
3.140620000000000078e-01	-1.695191657729568048e-03
3.143750000000000155e-01	-1.736127255207588855e-03
3.146869999999999945e-01	-1.777247763850236780e-03
3.150000000000000022e-01	-1.818297726077970720e-03
3.153119999999999812e-01	-1.859548222018237709e-03
3.156249999999999889e-01	-1.900744049734082522e-03
3.159370000000000234e-01	-1.942157380061544647e-03
3.162499999999999756e-01	-1.983531815412309472e-03
3.165620000000000100e-01	-2.025141449910179258e-03
3.168750000000000178e-01	-2.066729873035523871e-03
3.171869999999999967e-01	-2.108572861975472300e-03
3.175000000000000044e-01	-2.150412049599521522e-03
3.178119999999999834e-01	-2.192525287579786663e-03
3.181249999999999911e-01	-2.234653878539290001e-03
3.184370000000000256e-01	-2.277077840646555586e-03
3.187499999999999778e-01	-2.319535404834574457e-03
3.190620000000000123e-01	-2.362308542401183025e-03
3.193750000000000200e-01	-2.405133718654453058e-03
3.196869999999999989e-01	-2.448294327339358041e-03
3.200000000000000067e-01	-2.491522185445440175e-03
3.203119999999999856e-01	-2.535101866950929123e-03
3.206249999999999933e-01	-2.578762355887706959e-03
3.209369999999999723e-01	-2.622789442774459395e-03
3.212499999999999800e-01	-2.666905994125663964e-03
3.215620000000000145e-01	-2.711398700182684682e-03
3.218750000000000222e-01	-2.755986986729491717e-03
3.221870000000000012e-01	-2.800958388523250991e-03
3.225000000000000089e-01	-2.846025393187948636e-03
3.228119999999999878e-01	-2.891476580432315955e-03
3.231249999999999956e-01	-2.937020751454400697e-03
3.234369999999999745e-01	-2.982947053947067415e-03
3.237499999999999822e-01	-3.028957529002956114e-03
3.240620000000000167e-01	-3.075341978342197718e-03
3.243750000000000244e-01	-3.121798584545243654e-03
3.246870000000000034e-01	-3.168617985392921214e-03
3.250000000000000111e-01	-3.215492015173640906e-03
3.253119999999999901e-01	-3.262711652359254460e-03
3.256249999999999978e-01	-3.309965087585116025e-03
3.259369999999999767e-01	-3.357543396308110186e-03
3.262499999999999845e-01	-3.405129063459551211e-03
3.265620000000000189e-01	-3.453013114760415583e-03
3.268750000000000266e-01	-3.500874840106919100e-03
3.271870000000000056e-01	-3.549004699722681407e-03
3.275000000000000133e-01	-3.597077464498785095e-03
3.278119999999999923e-01	-3.645382768047977610e-03
3.281250000000000000e-01	-3.693592242925175084e-03
3.284369999999999790e-01	-3.741994063988766765e-03
3.287499999999999867e-01	-3.790257074603619724e-03
3.290620000000000211e-01	-3.838667457704779493e-03
3.293749999999999734e-01	-3.886891674306846428e-03
3.296870000000000078e-01	-3.935213479237523702e-03
3.300000000000000155e-01	-3.983297727041423819e-03
3.303119999999999945e-01	-4.031425251556030286e-03
3.306250000000000022e-01	-4.079259355565417397e-03
3.309369999999999812e-01	-4.127076622973252333e-03
3.312499999999999889e-01	-4.174541097628720575e-03
3.315620000000000234e-01	-4.221925125935634820e-03
3.318749999999999756e-01	-4.268891485466814670e-03
3.321870000000000100e-01	-4.315704815051484705e-03
3.325000000000000178e-01	-4.362026728442103263e-03
3.328119999999999967e-01	-4.408107925978039555e-03
3.331250000000000044e-01	-4.453598716438517471e-03
3.334369999999999834e-01	-4.498727659723519845e-03
3.337499999999999911e-01	-4.543135166170692019e-03
3.340620000000000256e-01	-4.587021991314743988e-03
3.343749999999999778e-01	-4.630008395485192899e-03
3.346870000000000123e-01	-4.672259248760176308e-03
3.350000000000000200e-01	-4.713383229964331241e-03
3.353119999999999989e-01	-4.753504938006359627e-03
3.356250000000000067e-01	-4.792209103868366564e-03
3.359369999999999856e-01	-4.829572279079507625e-03
3.362499999999999933e-01	-4.865173389446016648e-03
3.365619999999999723e-01	-4.899037493413372843e-03
3.368749999999999800e-01	-4.930721448167064980e-03
3.371870000000000145e-01	-4.960190440308169871e-03
3.375000000000000222e-01	-4.987010106903052437e-03
3.378120000000000012e-01	-5.011082649140697828e-03
3.381250000000000089e-01	-5.031957474661957405e-03
3.384369999999999878e-01	-5.049463510076830294e-03
3.387499999999999956e-01	-5.063179691934514143e-03
3.390619999999999745e-01	-5.072857565372667146e-03
3.393749999999999822e-01	-5.078067525254857315e-03
3.396870000000000167e-01	-5.078470912422616487e-03
3.400000000000000244e-01	-5.073693418884509324e-03
3.403120000000000034e-01	-5.063301113464369063e-03
3.406250000000000111e-01	-5.046920434667037485e-03
3.409369999999999901e-01	-5.024006740863163484e-03
3.412499999999999978e-01	-4.994272619745394014e-03
3.415619999999999767e-01	-4.957056711580417468e-03
3.418749999999999845e-01	-4.912083122898531010e-03
3.421870000000000189e-01	-4.858556221820352003e-03
3.425000000000000266e-01	-4.796327366599057070e-03
3.428120000000000056e-01	-4.724481441287945414e-03
3.431250000000000133e-01	-4.642948374947445528e-03
3.434369999999999923e-01	-4.550743792381375247e-03
3.437500000000000000e-01	-4.448085368784981779e-03
3.440619999999999790e-01	-4.333982051915649843e-03
3.443749999999999867e-01	-4.208878964276208459e-03
3.446870000000000211e-01	-4.071824405176430531e-03
3.449999999999999734e-01	-3.923692415661216709e-03
3.453120000000000078e-01	-3.763616405622967516e-03
3.456250000000000155e-01	-3.592797211896704614e-03
3.459369999999999945e-01	-3.410493685312565495e-03
3.462500000000000022e-01	-3.218402803314175144e-03
3.465619999999999812e-01	-3.015939881440287979e-03
3.468749999999999889e-01	-2.805168130520282761e-03
3.471870000000000234e-01	-2.585675938617973228e-03
3.474999999999999756e-01	-2.359937923089523108e-03
3.478120000000000100e-01	-2.127635210578529557e-03
3.481250000000000178e-01	-1.891423587475510662e-03
3.484369999999999967e-01	-1.651012158367676274e-03
3.487500000000000044e-01	-1.409174317176972203e-03
3.490619999999999834e-01	-1.165572361524609213e-03
3.493749999999999911e-01	-9.229474674023073130e-04
3.496870000000000256e-01	-6.808862114918907450e-04
3.499999999999999778e-01	-4.420054051324798445e-04
3.503120000000000123e-01	-2.057724060311133616e-04
3.506250000000000200e-01	2.537380523315536435e-05
3.509369999999999989e-01	2.520890877009489251e-04
3.512500000000000067e-01	4.722193510917233072e-04
3.515619999999999856e-01	6.865582860921775991e-04
3.518749999999999933e-01	8.932020436986236626e-04
3.521869999999999723e-01	1.093069111455408169e-03
3.524999999999999800e-01	1.284607877063691532e-03
3.528120000000000145e-01	1.468847358178582618e-03
3.531250000000000222e-01	1.644473130090225946e-03
3.534370000000000012e-01	1.812575038471012047e-03
3.537500000000000089e-01	1.972133261338977414e-03
3.540619999999999878e-01	2.124252180682106948e-03
3.543749999999999956e-01	2.268060344707144033e-03
3.546869999999999745e-01	2.404641189619314938e-03
3.549999999999999822e-01	2.533334430378913864e-03
3.553120000000000167e-01	2.655172536313457100e-03
3.556250000000000244e-01	2.769575924871777502e-03
3.559370000000000034e-01	2.877508970449629486e-03
3.562500000000000111e-01	2.978538045508604022e-03
3.565619999999999901e-01	3.073545060807273289e-03
3.568749999999999978e-01	3.162135689131607627e-03
3.571869999999999767e-01	3.245107437404950914e-03
3.574999999999999845e-01	3.322172364527699231e-03
3.578120000000000189e-01	3.394042263544001618e-03
3.581250000000000266e-01	3.460454199577022837e-03
3.584370000000000056e-01	3.522042336861853484e-03
3.587500000000000133e-01	3.578631318502909029e-03
3.590619999999999923e-01	3.630780509899747543e-03
3.593750000000000000e-01	3.678333900432543841e-03
3.596869999999999790e-01	3.721783127620183727e-03
3.599999999999999867e-01	3.761044530681987783e-03
3.603120000000000211e-01	3.796544606518407333e-03
3.606249999999999734e-01	3.828214238522580082e-03
3.609370000000000078e-01	3.856421170758865882e-03
3.612500000000000155e-01	3.881155147085014155e-03
3.615619999999999945e-01	3.902727543218222940e-03
3.618750000000000022e-01	3.921138142011492203e-03
3.621869999999999812e-01	3.936647619236975648e-03
3.624999999999999889e-01	3.949302753809487941e-03
3.628120000000000234e-01	3.959315340647171638e-03
3.631249999999999756e-01	3.966738590513222557e-03
3.634370000000000100e-01	3.971740688533655951e-03
3.637500000000000178e-01	3.974412457023059238e-03
3.640619999999999967e-01	3.974881152299917890e-03
3.643750000000000044e-01	3.973242995969835344e-03
3.646869999999999834e-01	3.969589845411451712e-03
3.649999999999999911e-01	3.964049517268054650e-03
3.653120000000000256e-01	3.956680872063921689e-03
3.656249999999999778e-01	3.947616697527031940e-03
3.659370000000000123e-01	3.936887374740890254e-03
3.662500000000000200e-01	3.924651789657957433e-03
3.665619999999999989e-01	3.910913689033835433e-03
3.668750000000000067e-01	3.895836054573495640e-03
3.671869999999999856e-01	3.879399635593597240e-03
3.674999999999999933e-01	3.861788162428707750e-03
3.678119999999999723e-01	3.842960693270325561e-03
3.681249999999999800e-01	3.823103667468776435e-03
3.684370000000000145e-01	3.802157311955173952e-03
3.687500000000000222e-01	3.780323513955209484e-03
3.690620000000000012e-01	3.757524567022082432e-03
3.693750000000000089e-01	3.733963411290774741e-03
3.696869999999999878e-01	3.709546768546956742e-03
3.699999999999999956e-01	3.684488210474554971e-03
3.703119999999999745e-01	3.658679660634375080e-03
3.706249999999999822e-01	3.632334227569515399e-03
3.709370000000000167e-01	3.605331039978531150e-03
3.712500000000000244e-01	3.577889815710636086e-03
3.715620000000000034e-01	3.549877490804587837e-03
3.718750000000000111e-01	3.521512115563881894e-03
3.721869999999999901e-01	3.492650078482277456e-03
3.724999999999999978e-01	3.463512717904540690e-03
3.728119999999999767e-01	3.433946398747305794e-03
3.731249999999999845e-01	3.404169821461932623e-03
3.734370000000000189e-01	3.374020567652407862e-03
3.737500000000000266e-01	3.343718083211967562e-03
3.740620000000000056e-01	3.313091550293739609e-03
3.743750000000000133e-01	3.282357040209207127e-03
3.746869999999999923e-01	3.251336233244659334e-03
3.750000000000000000e-01	3.220244104432572543e-03
3.753119999999999790e-01	3.188895060082362880e-03
3.756249999999999867e-01	3.157500306935256441e-03
3.759370000000000211e-01	3.125867625631442541e-03
3.762499999999999734e-01	3.094206124852349766e-03
3.765620000000000078e-01	3.062316738094920943e-03
3.768750000000000155e-01	3.030404472817117487e-03
3.771869999999999945e-01	2.998264451869066954e-03
3.775000000000000022e-01	2.966100335860200055e-03
3.778119999999999812e-01	2.933702208397836585e-03
3.781249999999999889e-01	2.901271499933038515e-03
3.784370000000000234e-01	2.868594405719380319e-03
3.787499999999999756e-01	2.835873673214915711e-03
3.790620000000000100e-01	2.802892393157496113e-03
3.793750000000000178e-01	2.769853394572055656e-03
3.796869999999999967e-01	2.736537416682439678e-03
3.800000000000000044e-01	2.703150358214203176e-03
3.803119999999999834e-01	2.669470882911487153e-03
3.806249999999999911e-01	2.635706436286777352e-03
3.809370000000000256e-01	2.601633885623002348e-03
3.812499999999999778e-01	2.567465205384953080e-03
3.815620000000000123e-01	2.532975449981523207e-03
3.818750000000000200e-01	2.498379104546412984e-03
3.821869999999999989e-01	2.463449416085411285e-03
3.825000000000000067e-01	2.428405853270800604e-03
3.828119999999999856e-01	2.393019730370736248e-03
3.831249999999999933e-01	2.357512811867293421e-03
3.834369999999999723e-01	2.321654531513725646e-03
3.837499999999999800e-01	2.285672308765512601e-03
3.840620000000000145e-01	2.249333464594283245e-03
3.843750000000000222e-01	2.212867713270578324e-03
3.846870000000000012e-01	2.176040054590942189e-03
3.850000000000000089e-01	2.139085964234170578e-03
3.853119999999999878e-01	2.101768401332253840e-03
3.856249999999999956e-01	2.064325351238207890e-03
3.859369999999999745e-01	2.026517417093780769e-03
3.862499999999999822e-01	1.988588200431378426e-03
3.865620000000000167e-01	1.950296433327673024e-03
3.868750000000000244e-01	1.911888033019211973e-03
3.871870000000000034e-01	1.873119438259693206e-03
3.875000000000000111e-01	1.834242251100617980e-03
3.878119999999999901e-01	1.795010683618804455e-03
3.881249999999999978e-01	1.755678830629760819e-03
3.884369999999999767e-01	1.715999235073043883e-03
3.887499999999999845e-01	1.676231027028077507e-03
3.890620000000000189e-01	1.636124574980260104e-03
3.893750000000000266e-01	1.595941581350475164e-03
3.896870000000000056e-01	1.555430845456055432e-03
3.900000000000000133e-01	1.514858670289911252e-03
3.903119999999999923e-01	1.473972450129796326e-03
3.906250000000000000e-01	1.433040421700959100e-03
3.909369999999999790e-01	1.391808450896521530e-03
3.912499999999999867e-01	1.350549000999690065e-03
3.915620000000000211e-01	1.309006150394841474e-03
3.918749999999999734e-01	1.267453728113370360e-03
3.921870000000000078e-01	1.225634245858387870e-03
3.925000000000000155e-01	1.183824231331953580e-03
3.928119999999999945e-01	1.141764545004838975e-03
3.931250000000000022e-01	1.099732473549171414e-03
3.934369999999999812e-01	1.057467453993843473e-03
3.937499999999999889e-01	1.015248395396499458e-03
3.940620000000000234e-01	9.728129134568700223e-04
3.943749999999999756e-01	9.304402305688475863e-04
3.946870000000000100e-01	8.878666663142709701e-04
3.950000000000000178e-01	8.453721702260703777e-04
3.953119999999999967e-01	8.026919696854163981e-04
3.956250000000000044e-01	7.601057645509751159e-04
3.959369999999999834e-01	7.173475716317497626e-04
3.962499999999999911e-01	6.746977443163234547e-04
3.965620000000000256e-01	6.318894245589751690e-04
3.968749999999999778e-01	5.892021998152055474e-04
3.971870000000000123e-01	5.463685052919821762e-04
3.975000000000000200e-01	5.036679354078111735e-04
3.978119999999999989e-01	4.608323728036570264e-04
3.981250000000000067e-01	4.181409583065125992e-04
3.984369999999999856e-01	3.753250105520584425e-04
3.987499999999999933e-01	3.326629243285878531e-04
3.990619999999999723e-01	2.898858949267138236e-04
3.993749999999999800e-01	2.472717581030587069e-04
3.996870000000000145e-01	2.045513938225420149e-04
4.000000000000000222e-01	1.620014998840694370e-04
4.003120000000000012e-01	1.193530567191211064e-04
4.006250000000000089e-01	7.688602679198824679e-05
4.009369999999999878e-01	3.433083199982224596e-05
4.012499999999999956e-01	-8.042006064243949104e-06
4.015619999999999745e-01	-5.050115036224213746e-05
4.018749999999999822e-01	-9.277234811278383699e-05
4.021870000000000167e-01	-1.351248561247121141e-04
4.025000000000000244e-01	-1.772866547591775909e-04
4.028120000000000034e-01	-2.195259882018022986e-04
4.031250000000000111e-01	-2.615709392697192172e-04
4.034369999999999901e-01	-3.036899371661661755e-04
4.037499999999999978e-01	-3.456135405620584800e-04
4.040619999999999767e-01	-3.876094007909415811e-04
4.043749999999999845e-01	-4.294082426416831596e-04
4.046870000000000189e-01	-4.712778517347960086e-04
4.050000000000000266e-01	-5.129510009840872577e-04
4.053120000000000056e-01	-5.546949816350710792e-04
4.056250000000000133e-01	-5.962430589871001337e-04
4.059369999999999923e-01	-6.378620338895959899e-04
4.062500000000000000e-01	-6.792870566330387432e-04
4.065619999999999790e-01	-7.207847619488947418e-04
4.068749999999999867e-01	-7.620912301892344325e-04
4.071870000000000211e-01	-8.034728031409909491e-04
4.074999999999999734e-01	-8.446670790963327910e-04
4.078120000000000078e-01	-8.859403033544984134e-04
4.081250000000000155e-01	-9.270309217076514114e-04
4.084369999999999945e-01	-9.682048263300397284e-04
4.087500000000000022e-01	-1.009201873524320954e-03
4.090619999999999812e-01	-1.050288134016698696e-03
4.093749999999999889e-01	-1.091204179312262436e-03
4.096870000000000234e-01	-1.132215716567685614e-03
4.099999999999999756e-01	-1.173064725809145996e-03
4.103120000000000100e-01	-1.214016951495230099e-03
4.106250000000000178e-01	-1.254814907815850634e-03
4.109369999999999967e-01	-1.295724790334334270e-03
4.112500000000000044e-01	-1.336489849332097224e-03
4.115619999999999834e-01	-1.377376225165622727e-03
4.118749999999999911e-01	-1.418127939022984950e-03
4.121870000000000256e-01	-1.459011824081944469e-03
4.124999999999999778e-01	-1.499772227798179536e-03
4.128120000000000123e-01	-1.540676350400475066e-03
4.131250000000000200e-01	-1.581469030735355944e-03
4.134369999999999989e-01	-1.622418142953240211e-03
4.137500000000000067e-01	-1.663268548779153711e-03
4.140619999999999856e-01	-1.704288959418965481e-03
4.143749999999999933e-01	-1.745224556896978266e-03
4.146869999999999723e-01	-1.786345065539626624e-03
4.149999999999999800e-01	-1.827395027767361431e-03
4.153120000000000145e-01	-1.868645523707626903e-03
4.156250000000000222e-01	-1.909841351423481907e-03
4.159370000000000012e-01	-1.951254681750944683e-03
4.162500000000000089e-01	-1.992629117101701267e-03
4.165619999999999878e-01	-2.034238751599577993e-03
4.168749999999999956e-01	-2.075827174724916100e-03
4.171869999999999745e-01	-2.117670163664863228e-03
4.174999999999999822e-01	-2.159509351288913317e-03
4.178120000000000167e-01	-2.201622589269178459e-03
4.181250000000000244e-01	-2.243751180228689170e-03
4.184370000000000034e-01	-2.286175142335955621e-03
4.187500000000000111e-01	-2.328632706523966686e-03
4.190619999999999901e-01	-2.371405844090581760e-03
4.193749999999999978e-01	-2.414231020343845287e-03
4.196869999999999767e-01	-2.457391629028749837e-03
4.199999999999999845e-01	-2.500619487134832404e-03
4.203120000000000189e-01	-2.544199168640320485e-03
4.206250000000000266e-01	-2.587859657577110464e-03
4.209370000000000056e-01	-2.631886744463861165e-03
4.212500000000000133e-01	-2.676003295815065734e-03
4.215619999999999923e-01	-2.720496001872088187e-03
4.218750000000000000e-01	-2.765084288418886982e-03
4.221869999999999790e-01	-2.810055690212644956e-03
4.224999999999999867e-01	-2.855122694877342601e-03
4.228120000000000211e-01	-2.900573882121711220e-03
4.231249999999999734e-01	-2.946118053143802901e-03
4.234370000000000078e-01	-2.992044355636462680e-03
4.237500000000000155e-01	-3.038054830692358318e-03
4.240619999999999945e-01	-3.084439280031600790e-03
4.243750000000000022e-01	-3.130895886234637618e-03
4.246869999999999812e-01	-3.177715287082317781e-03
4.249999999999999889e-01	-3.224589316863034870e-03
4.253120000000000234e-01	-3.271808954048649725e-03
4.256249999999999756e-01	-3.319062389274515194e-03
4.259370000000000100e-01	-3.366640697997501548e-03
4.262500000000000178e-01	-3.414226365148952114e-03
4.265619999999999967e-01	-3.462110416449816486e-03
4.268750000000000044e-01	-3.509972141796311763e-03
4.271869999999999834e-01	-3.558102001412074070e-03
4.274999999999999911e-01	-3.606174766188177758e-03
4.278120000000000256e-01	-3.654480069737370274e-03
4.281249999999999778e-01	-3.702689544614575553e-03
4.284370000000000123e-01	-3.751091365678158127e-03
4.287500000000000200e-01	-3.799354376293021928e-03
4.290619999999999989e-01	-3.847764759394180396e-03
4.293750000000000067e-01	-3.895988975996237790e-03
4.296869999999999856e-01	-3.944310780926925039e-03
4.299999999999999933e-01	-3.992395028730816482e-03
4.303119999999999723e-01	-4.040522553245422081e-03
4.306249999999999800e-01	-4.088356657254807458e-03
4.309370000000000145e-01	-4.136173924662644129e-03
4.312500000000000222e-01	-4.183638399318121044e-03
4.315620000000000012e-01	-4.231022427625034422e-03
4.318750000000000089e-01	-4.277988787156207333e-03
4.321869999999999878e-01	-4.324802116740881705e-03
4.324999999999999956e-01	-4.371124030131494191e-03
4.328119999999999745e-01	-4.417205227667431351e-03
4.331249999999999822e-01	-4.462696018127908400e-03
4.334370000000000167e-01	-4.507824961412912508e-03
4.337500000000000244e-01	-4.552232467860090753e-03
4.340620000000000034e-01	-4.596119293004142722e-03
4.343750000000000111e-01	-4.639105697174584694e-03
4.346869999999999901e-01	-4.681356550449573307e-03
4.349999999999999978e-01	-4.722480531653722169e-03
4.353119999999999767e-01	-4.762602239695750556e-03
4.356249999999999845e-01	-4.801306405557760094e-03
4.359370000000000189e-01	-4.838669580768899421e-03
4.362500000000000266e-01	-4.874270691135416250e-03
4.365620000000000056e-01	-4.908134795102771578e-03
4.368750000000000133e-01	-4.939818749856464582e-03
4.371869999999999923e-01	-4.969287741997570340e-03
4.375000000000000000e-01	-4.996107408592446834e-03
4.378119999999999790e-01	-5.020179950830092226e-03
4.381249999999999867e-01	-5.041054776351351803e-03
4.384370000000000211e-01	-5.058560811766222957e-03
4.387499999999999734e-01	-5.072276993623908541e-03
4.390620000000000078e-01	-5.081954867062061544e-03
4.393750000000000155e-01	-5.087164826944250845e-03
4.396869999999999945e-01	-5.087568214112011752e-03
4.400000000000000022e-01	-5.082790720573904589e-03
4.403119999999999812e-01	-5.072398415153766063e-03
4.406249999999999889e-01	-5.056017736356435352e-03
4.409370000000000234e-01	-5.033104042552559616e-03
4.412499999999999756e-01	-5.003369921434786677e-03
4.415620000000000100e-01	-4.966154013269815336e-03
4.418750000000000178e-01	-4.921180424587921071e-03
4.421869999999999967e-01	-4.867653523509742064e-03
4.425000000000000044e-01	-4.805424668288456672e-03
4.428119999999999834e-01	-4.733578742977344149e-03
4.431249999999999911e-01	-4.652045676636846865e-03
4.434370000000000256e-01	-4.559841094070776583e-03
4.437499999999999778e-01	-4.457182670474366636e-03
4.440620000000000123e-01	-4.343079353605051179e-03
4.443750000000000200e-01	-4.217976265965590714e-03
4.446869999999999989e-01	-4.080921706865812786e-03
4.450000000000000067e-01	-3.932789717350624117e-03
4.453119999999999856e-01	-3.772713707312346735e-03
4.456249999999999933e-01	-3.601894513586115492e-03
4.459369999999999723e-01	-3.419590987001976373e-03
4.462499999999999800e-01	-3.227500105003585154e-03
4.465620000000000145e-01	-3.025037183129698423e-03
4.468750000000000222e-01	-2.814265432209656775e-03
4.471870000000000012e-01	-2.594773240307346376e-03
4.475000000000000089e-01	-2.369035224778936587e-03
4.478119999999999878e-01	-2.136732512267901837e-03
4.481249999999999956e-01	-1.900520889164923491e-03
4.484369999999999745e-01	-1.660109460057089103e-03
4.487499999999999822e-01	-1.418271618866385683e-03
4.490620000000000167e-01	-1.174669663214022042e-03
4.493750000000000244e-01	-9.320447690916769910e-04
4.496870000000000034e-01	-6.899835131812610736e-04
4.500000000000000111e-01	-4.511027068218920232e-04
4.503119999999999901e-01	-2.148697077204837714e-04
4.506249999999999978e-01	1.627650354374115613e-05
4.509369999999999767e-01	2.429917860115353911e-04
4.512499999999999845e-01	4.631220494023090685e-04
4.515620000000000189e-01	6.774609844027634688e-04
4.518750000000000266e-01	8.841047420092458531e-04
4.521870000000000056e-01	1.083971809766030902e-03
4.525000000000000133e-01	1.275510575374313831e-03
4.528119999999999923e-01	1.459750056489204700e-03
4.531250000000000000e-01	1.635375828400815719e-03
4.534369999999999790e-01	1.803477736781602470e-03
4.537499999999999867e-01	1.963035959649567837e-03
4.540620000000000211e-01	2.115154878992699106e-03
4.543749999999999734e-01	2.258963043017761345e-03
4.546870000000000078e-01	2.395543887929908397e-03
4.550000000000000155e-01	2.524237128689529874e-03
4.553119999999999945e-01	2.646075234624073111e-03
4.556250000000000022e-01	2.760478623182371395e-03
4.559369999999999812e-01	2.868411668760222077e-03
4.562499999999999889e-01	2.969440743819197915e-03
4.565620000000000234e-01	3.064447759117867182e-03
4.568749999999999756e-01	3.153038387442214964e-03
4.571870000000000100e-01	3.236010135715543072e-03
4.575000000000000178e-01	3.313075062838305267e-03
4.578119999999999967e-01	3.384944961854608955e-03
4.581250000000000044e-01	3.451356897887620200e-03
4.584369999999999834e-01	3.512945035172452147e-03
4.587499999999999911e-01	3.569534016813507692e-03
4.590620000000000256e-01	3.621683208210345773e-03
4.593749999999999778e-01	3.669236598743149443e-03
4.596870000000000123e-01	3.712685825930782391e-03
4.600000000000000200e-01	3.751947228992593385e-03
4.603119999999999989e-01	3.787447304829011201e-03
4.606250000000000067e-01	3.819116936833181781e-03
4.609369999999999856e-01	3.847323869069473219e-03
4.612499999999999933e-01	3.872057845395616288e-03
4.615619999999999723e-01	3.893630241528824639e-03
4.618749999999999800e-01	3.912040840322094336e-03
4.621870000000000145e-01	3.927550317547577781e-03
4.625000000000000222e-01	3.940205452120091809e-03
4.628120000000000012e-01	3.950218038957776373e-03
4.631250000000000089e-01	3.957641288823823822e-03
4.634369999999999878e-01	3.962643386844259819e-03
4.637499999999999956e-01	3.965315155333663105e-03
4.640619999999999745e-01	3.965783850610522625e-03
4.643749999999999822e-01	3.964145694280439211e-03
4.646870000000000167e-01	3.960492543722056447e-03
4.650000000000000244e-01	3.954952215578656782e-03
4.653120000000000034e-01	3.947583570374522954e-03
4.656250000000000111e-01	3.938519395837638409e-03
4.659369999999999901e-01	3.927790073051495856e-03
4.662499999999999978e-01	3.915554487968565638e-03
4.665619999999999767e-01	3.901816387344443204e-03
4.668749999999999845e-01	3.886738752884103410e-03
4.671870000000000189e-01	3.870302333904205444e-03
4.675000000000000266e-01	3.852690860739312918e-03
4.678120000000000056e-01	3.833863391580930730e-03
4.681250000000000133e-01	3.814006365779381603e-03
4.684369999999999923e-01	3.793060010265779554e-03
4.687500000000000000e-01	3.771226212265817689e-03
4.690619999999999790e-01	3.748427265332690203e-03
4.693749999999999867e-01	3.724866109601382945e-03
4.696870000000000211e-01	3.700449466857564512e-03
4.699999999999999734e-01	3.675390908785160140e-03
4.703120000000000078e-01	3.649582358944982851e-03
4.706250000000000155e-01	3.623236925880117098e-03
4.709369999999999945e-01	3.596233738289133283e-03
4.712500000000000022e-01	3.568792514021243423e-03
4.715619999999999812e-01	3.540780189115195174e-03
4.718749999999999889e-01	3.512414813874487930e-03
4.721870000000000234e-01	3.483552776792883492e-03
4.724999999999999756e-01	3.454415416215142823e-03
4.728120000000000100e-01	3.424849097057910529e-03
4.731250000000000178e-01	3.395072519772532153e-03
4.734369999999999967e-01	3.364923265963006959e-03
4.737500000000000044e-01	3.334620781522572297e-03
4.740619999999999834e-01	3.303994248604344344e-03
4.743749999999999911e-01	3.273259738519811862e-03
4.746870000000000256e-01	3.242238931555264068e-03
4.749999999999999778e-01	3.211146802743170339e-03
4.753120000000000123e-01	3.179797758392966314e-03
4.756250000000000200e-01	3.148403005245860309e-03
4.759369999999999989e-01	3.116770323942045107e-03
4.762500000000000067e-01	3.085108823162958838e-03
4.765619999999999856e-01	3.053219436405524810e-03
4.768749999999999933e-01	3.021307171127726992e-03
4.771869999999999723e-01	2.989167150179676460e-03
4.774999999999999800e-01	2.957003034170809560e-03
4.778120000000000145e-01	2.924604906708446091e-03
4.781250000000000222e-01	2.892174198243642382e-03
4.784370000000000012e-01	2.859497104029984620e-03
4.787500000000000089e-01	2.826776371525524783e-03
4.790619999999999878e-01	2.793795091468100414e-03
4.793749999999999956e-01	2.760756092882665162e-03
4.796869999999999745e-01	2.727440114993050484e-03
4.799999999999999822e-01	2.694053056524813982e-03
4.803120000000000167e-01	2.660373581222097959e-03
4.806250000000000244e-01	2.626609134597375148e-03
4.809370000000000034e-01	2.592536583933600577e-03
4.812500000000000111e-01	2.558367903695556514e-03
4.815619999999999901e-01	2.523878148292121003e-03
4.818749999999999978e-01	2.489281802857017719e-03
4.821869999999999767e-01	2.454352114396014719e-03
4.824999999999999845e-01	2.419308551581404038e-03
4.828120000000000189e-01	2.383922428681340983e-03
4.831250000000000266e-01	2.348415510177891651e-03
4.834370000000000056e-01	2.312557229824325176e-03
4.837500000000000133e-01	2.276575007076110397e-03
4.840619999999999923e-01	2.240236162904881041e-03
4.843750000000000000e-01	2.203770411581181757e-03
4.846869999999999790e-01	2.166942752901545189e-03
4.849999999999999867e-01	2.129988662544775313e-03
4.853120000000000211e-01	2.092671099642858575e-03
4.856249999999999734e-01	2.055228049548803951e-03
4.859370000000000078e-01	2.017420115404383336e-03
4.862500000000000155e-01	1.979490898741974488e-03
4.865619999999999945e-01	1.941199131638267784e-03
4.868750000000000022e-01	1.902790731329814539e-03
4.871869999999999812e-01	1.864022136570295989e-03
4.874999999999999889e-01	1.825144949411220546e-03
4.878120000000000234e-01	1.785913381929407238e-03
4.881249999999999756e-01	1.746581528940360784e-03
4.884370000000000100e-01	1.706901933383650569e-03
4.887500000000000178e-01	1.667133725338677472e-03
4.890619999999999967e-01	1.627027273290860068e-03
4.893750000000000044e-01	1.586844279661081851e-03
4.896869999999999834e-01	1.546333543766662119e-03
4.899999999999999911e-01	1.505761368600517939e-03
4.903120000000000256e-01	1.464875148440403013e-03
4.906249999999999778e-01	1.423943120011557546e-03
4.909370000000000123e-01	1.382711149207127132e-03
4.912500000000000200e-01	1.341451699310288294e-03
4.915619999999999989e-01	1.299908848705439053e-03
4.918750000000000067e-01	1.258356426423975962e-03
4.921869999999999856e-01	1.216536944168986750e-03
4.924999999999999933e-01	1.174726929642559399e-03
4.928119999999999723e-01	1.132667243315444794e-03
4.931249999999999800e-01	1.090635171859777666e-03
4.934370000000000145e-01	1.048370152304449725e-03
4.937500000000000222e-01	1.006151093707098338e-03
4.940620000000000012e-01	9.637156117674689024e-04
4.943750000000000089e-01	9.213429288794539474e-04
4.946869999999999878e-01	8.787693646248698502e-04
4.949999999999999956e-01	8.362748685366767389e-04
4.953119999999999745e-01	7.935946679960227592e-04
4.956249999999999822e-01	7.510084628615790918e-04
4.959370000000000167e-01	7.082502699423543890e-04
4.962500000000000244e-01	6.656004426269200580e-04
4.965620000000000034e-01	6.227921228695717723e-04
4.968750000000000111e-01	5.801048981258101738e-04
4.971869999999999901e-01	5.372712036025794301e-04
4.974999999999999978e-01	4.945706337184157999e-04
4.978119999999999767e-01	4.517350711142617070e-04
4.981249999999999845e-01	4.090436566171189604e-04
4.984370000000000189e-01	3.662277088626651289e-04
4.987500000000000266e-01	3.235656226391874380e-04
4.990620000000000056e-01	2.807885932373134085e-04
4.993750000000000133e-01	2.381744564136583189e-04
4.996869999999999923e-01	1.954540921331416269e-04
5.000000000000000000e-01	1.529041981946764757e-04
